20
0 19
0 1
1 19
2 12
2 4
3 14
3 10
4 15
5 17
5 18
5 15
5 9
6 8
6 15
6 19
7 12
9 17
10 11
11 15
12 13
12 19
12 16
13 16
14 15

21
0 1
0 2
0 13
0 17
1 11
2 11
2 18
3 10
3 17
4 20
4 16
5 6
5 16
6 19
7 9
7 15
7 19
8 19
9 15
12 20
13 17
13 16
14 17
16 20
16 19

22
0 4
1 12
2 13
3 10
4 7
4 18
4 21
5 7
6 19
6 20
6 8
6 12
7 21
8 16
8 15
9 14
9 18
10 20
11 13
11 20
12 15
13 20
14 17
14 18
15 18
19 20

23
0 18
0 9
0 3
1 15
1 21
2 13
2 4
3 9
3 10
4 9
5 8
5 10
5 22
6 14
6 10
6 20
7 21
7 12
8 19
9 17
10 22
11 14
12 17
14 20
15 16
15 21
17 21

24
0 22
0 23
1 21
1 23
1 18
2 5
2 15
2 14
3 22
3 10
4 9
4 16
5 12
5 13
6 19
6 14
7 17
7 13
7 18
8 15
9 16
10 23
11 20
11 16
13 20
14 18
16 20
18 21

25
0 19
1 4
1 8
2 8
3 5
3 23
3 21
3 19
4 8
6 21
7 20
7 18
7 21
8 13
8 9
8 19
8 24
9 10
10 16
10 22
11 21
12 14
12 23
13 15
14 23
16 22
17 18
17 21
19 21

26
0 11
0 20
0 21
1 5
1 16
1 12
1 2
2 12
2 7
2 6
3 7
3 6
4 14
4 9
4 5
6 25
8 10
8 22
8 9
8 13
9 14
11 15
11 19
13 21
13 17
15 19
16 23
17 22
18 24
24 25

27
0 15
0 10
0 7
1 9
2 20
2 24
3 5
3 13
3 16
3 8
4 8
4 12
6 17
6 16
7 18
9 23
9 10
10 11
10 19
10 23
12 18
12 16
14 15
15 18
18 26
19 24
19 25
19 20
19 21
21 25
22 23

28
0 7
1 7
1 4
1 15
1 20
2 10
2 25
2 26
3 9
3 11
4 13
5 21
5 27
6 12
6 11
6 26
7 20
8 21
9 23
9 26
10 26
11 22
12 19
12 20
14 26
14 17
16 18
16 21
17 24
18 24
18 21
18 26

29
0 4
0 9
0 10
1 22
1 12
2 19
3 15
3 25
3 6
3 19
5 27
5 12
6 19
6 14
6 23
7 26
7 28
8 24
8 20
8 17
9 21
10 23
10 17
10 28
11 22
11 12
12 20
13 26
14 26
16 18
16 24
20 21
20 27

20
0 2
0 12
0 1
1 12
3 10
3 19
3 16
4 8
4 14
4 18
5 16
6 14
6 11
7 9
7 15
8 18
9 15
9 19
11 17
11 13
12 19
13 16
14 16
16 19

21
0 14
0 6
1 20
2 12
2 20
2 8
3 14
3 5
4 11
4 18
5 6
5 17
5 19
7 9
7 8
8 11
8 9
8 19
8 12
9 15
10 16
10 13
13 18
13 17
13 16

22
0 2
0 5
0 18
1 11
1 3
2 7
3 9
4 6
5 7
6 12
6 20
6 19
6 15
8 19
9 18
9 11
9 21
10 15
10 20
11 16
11 12
12 14
13 18
13 17
16 19
17 21

23
0 5
0 3
1 21
2 5
2 3
3 12
3 18
4 15
5 11
6 19
7 16
7 20
8 9
8 14
9 19
9 15
9 14
9 13
9 17
10 11
12 22
13 19
14 18
15 20
17 20
18 21
18 22

24
0 23
0 10
1 13
2 17
2 22
3 8
3 21
4 19
4 7
5 13
5 11
5 23
6 7
7 18
9 20
10 12
11 23
12 20
13 16
14 20
14 23
15 23
17 20
18 19
18 21
18 23
20 22
21 23

25
0 10
0 11
1 15
1 12
2 19
3 7
3 22
3 8
3 4
4 18
4 9
5 14
5 16
6 8
6 20
8 20
9 22
10 13
10 24
11 14
12 20
12 23
13 14
13 20
13 23
14 17
16 17
18 21
19 20

26
0 4
0 10
0 15
0 25
1 24
1 16
1 8
2 8
2 16
3 13
3 18
3 12
4 23
5 9
5 8
6 14
6 10
7 12
7 11
7 19
7 25
11 25
15 23
16 22
16 23
16 21
17 22
18 19
20 24
21 22

27
0 12
1 12
1 10
1 13
1 2
2 19
3 4
3 14
4 12
5 19
5 10
6 17
7 9
8 21
8 26
8 22
9 11
11 25
11 18
13 25
14 16
14 21
15 23
15 16
16 23
16 25
17 25
18 25
20 24
21 22
23 24

28
0 23
0 26
0 10
1 5
2 20
2 19
3 4
3 27
4 25
4 13
4 20
5 21
5 8
6 22
6 7
7 11
7 23
8 21
9 26
9 18
10 18
10 17
10 24
12 14
12 22
13 17
14 22
15 24
15 17
16 17
19 21
19 27

29
0 17
0 11
1 2
1 9
2 24
2 11
3 19
4 7
4 21
4 25
5 16
5 27
6 24
8 19
9 18
9 16
9 28
10 13
10 20
11 15
12 16
13 19
13 25
13 23
13 24
14 20
14 19
15 28
16 26
16 18
20 22
23 24
26 27

20
0 5
0 9
0 2
0 18
1 8
1 19
2 5
3 10
3 13
3 12
3 9
4 15
5 16
6 12
7 15
7 17
8 17
9 14
9 15
9 18
9 17
10 13
11 12
11 14

21
0 10
1 11
1 17
1 18
1 14
2 19
2 4
2 14
3 8
3 4
3 14
4 6
4 16
5 16
5 6
7 13
7 11
9 11
9 14
10 15
10 12
11 13
12 20
12 15
14 20

22
0 9
0 7
1 10
1 2
2 16
2 21
3 5
3 7
3 18
4 20
4 10
6 12
6 7
7 8
7 18
8 11
8 19
8 9
10 16
10 20
13 17
13 16
14 17
14 15
15 18
15 17

23
0 13
1 16
1 12
2 11
2 18
3 18
3 20
4 14
4 10
4 22
5 22
5 20
6 17
6 20
7 15
8 21
8 10
8 13
8 19
9 21
10 15
11 17
12 22
13 15
16 22
19 21
20 22

24
0 20
0 10
1 13
1 17
1 18
1 2
1 3
2 8
2 22
2 15
2 17
3 7
3 18
3 6
4 19
4 21
5 14
5 11
5 19
6 7
8 16
9 15
10 11
11 22
11 20
12 13
15 19
21 23

25
0 15
0 12
0 24
0 11
1 6
1 7
1 10
1 2
2 18
3 4
3 12
4 22
5 24
5 13
7 10
8 23
8 21
9 13
9 12
11 15
12 16
12 17
13 14
17 18
18 19
18 22
19 20
21 22
22 23

26
0 5
0 17
1 15
2 6
2 5
2 12
2 11
2 14
3 18
3 4
4 11
4 19
5 17
6 9
6 24
7 11
8 15
8 23
8 10
10 11
10 19
11 16
11 24
12 20
12 22
13 23
13 15
14 20
15 21
19 25

27
0 17
1 9
1 5
1 19
1 16
2 7
2 15
3 12
3 7
4 7
5 22
5 21
5 19
6 8
8 10
8 20
8 15
9 16
11 23
11 17
12 13
12 15
13 25
14 19
15 21
17 24
17 19
17 26
18 25
20 22
23 24

28
0 9
0 19
0 6
1 7
2 23
2 3
2 4
3 6
3 27
3 19
4 24
4 27
5 26
5 19
6 20
6 17
7 19
8 12
8 22
9 14
10 11
10 19
11 19
12 17
13 24
15 19
16 20
17 21
17 25
18 19
20 22
21 25

29
0 20
1 18
2 14
2 17
2 25
3 7
3 9
4 11
5 22
6 13
6 26
6 27
8 27
8 24
9 25
10 21
10 11
11 28
12 17
12 21
13 16
14 25
14 24
15 20
15 28
16 24
17 18
17 21
19 24
20 23
20 22
21 28
22 28

20
0 12
0 18
1 19
1 8
2 5
2 11
3 9
3 7
4 16
4 7
5 15
6 13
6 8
7 10
7 12
7 13
7 11
7 18
7 8
7 14
8 19
9 10
11 14
17 19

21
0 4
0 8
1 12
1 19
1 10
1 15
2 11
2 14
3 6
3 18
3 12
5 13
5 6
7 17
7 16
8 15
8 16
9 10
9 19
9 20
11 12
12 15
13 14
15 16
16 17

22
0 12
1 8
1 20
2 3
2 19
3 19
3 21
4 11
4 14
4 17
5 8
6 16
6 20
7 12
8 20
9 18
10 20
10 21
12 18
12 14
13 18
13 14
14 20
15 16
15 21
17 20

23
0 3
1 9
1 3
2 14
2 18
2 7
3 12
3 9
4 15
4 20
4 11
5 21
5 22
6 18
6 13
7 8
7 11
7 17
8 18
9 13
10 18
11 16
11 17
11 15
13 18
16 19
17 22

24
0 9
0 19
1 21
2 10
2 15
2 18
3 16
3 21
3 6
4 11
4 16
5 15
5 21
6 22
7 10
7 23
8 12
9 18
10 12
11 16
12 13
12 20
14 17
14 23
15 21
16 22
17 18
18 19

25
0 16
1 8
2 17
2 9
3 23
3 6
4 6
4 16
5 10
7 23
7 14
8 18
8 19
9 17
9 20
9 11
10 18
11 15
11 23
12 15
12 13
13 15
14 23
15 19
16 21
21 24
21 22
21 23
22 24

26
0 8
0 15
1 11
2 15
3 24
3 16
4 8
4 25
5 18
5 10
6 16
7 22
7 19
8 14
8 13
8 12
8 22
8 11
9 16
9 10
9 18
10 19
10 22
11 25
12 20
12 23
13 15
17 20
20 21
21 22

27
0 3
0 20
1 9
1 21
1 14
2 24
2 9
2 16
3 19
3 13
3 14
3 15
3 22
4 7
4 11
5 22
5 25
5 21
6 18
7 13
8 18
8 25
9 16
10 18
10 25
11 13
12 15
13 20
14 23
15 26
17 22

28
0 2
0 6
0 15
1 9
1 27
1 14
3 21
3 24
3 16
4 22
4 24
5 24
6 20
7 12
7 16
8 17
10 15
10 20
10 17
10 25
11 20
13 23
13 25
14 25
16 19
16 21
17 18
18 22
21 26
22 24
22 25
25 27

29
0 15
0 20
1 13
1 7
2 4
3 17
3 8
4 12
4 5
5 19
6 7
7 23
7 17
7 28
8 17
9 16
9 27
9 21
10 26
10 17
11 22
11 25
14 16
15 20
15 23
16 19
16 21
16 24
17 22
17 25
17 27
18 25
26 28

20
0 4
0 2
0 13
0 18
1 16
1 15
2 11
2 6
3 5
3 14
5 14
6 12
6 11
7 18
8 19
8 17
9 10
9 19
13 16
14 17
14 19
15 17
16 18
16 17

21
0 4
1 5
1 9
1 16
2 8
2 20
3 18
3 6
4 19
6 11
6 18
6 14
6 8
7 13
7 15
8 20
9 16
10 16
10 20
11 14
12 19
13 17
14 19
15 18
16 20

22
0 20
1 6
1 9
1 8
1 13
1 17
1 20
1 16
2 3
2 5
4 21
5 14
7 12
7 18
7 19
7 15
7 13
8 16
9 13
10 14
11 18
12 14
13 15
14 18
17 20
17 21

23
0 4
0 20
0 22
1 12
2 18
2 19
3 10
3 6
3 19
3 7
4 9
4 22
5 8
6 11
6 14
7 20
8 19
8 15
12 16
12 19
13 19
14 20
15 19
16 18
17 21
17 18
18 21

24
0 5
0 2
0 12
0 10
1 5
2 10
2 14
3 6
3 11
3 20
3 19
3 18
4 8
4 19
5 7
7 9
7 12
9 19
11 17
12 15
12 16
12 23
13 17
15 16
17 19
18 20
20 21
21 22

25
0 21
1 18
1 20
1 17
1 2
2 20
3 5
3 6
3 10
3 12
3 21
4 13
4 20
5 21
7 11
8 11
8 20
9 20
9 13
9 24
11 16
13 23
13 19
14 18
15 22
17 18
19 23
20 22
21 23

26
0 16
0 20
0 22
0 11
1 2
1 18
3 17
3 12
3 18
3 5
4 23
5 15
5 12
6 16
7 23
8 14
8 9
9 14
10 25
11 25
12 19
13 21
13 24
14 22
16 23
17 18
18 22
18 25
19 24
20 23

27
0 2
1 22
1 6
1 11
2 10
2 8
3 18
3 23
4 14
5 24
5 10
6 15
6 10
7 18
7 14
8 9
8 23
8 12
8 10
9 13
11 16
11 21
12 17
12 20
12 25
14 18
15 24
18 25
19 23
21 22
23 26

28
0 23
0 16
0 25
1 18
1 21
1 14
2 8
3 23
4 11
4 24
4 15
5 20
5 25
5 26
5 23
6 13
6 27
7 14
7 17
8 25
9 12
9 21
10 17
10 22
10 26
11 16
14 17
14 18
15 16
17 19
19 26
19 27

29
0 15
0 28
1 21
2 9
2 22
3 17
3 12
4 10
4 12
4 17
5 12
5 21
5 9
6 16
6 13
7 18
7 15
8 17
9 16
9 21
11 19
11 23
13 25
14 22
14 25
14 28
15 28
16 27
17 20
18 23
19 23
20 24
21 26

