20
0 7
1 5
1 13
2 16
2 17
2 14
3 18
4 10
5 13
5 14
5 17
5 18
6 15
6 16
7 18
7 19
8 17
8 12
9 10
10 15
11 18
11 19
12 17

21
0 19
1 7
1 4
1 20
1 6
2 11
2 15
2 13
3 8
3 19
3 9
4 12
4 19
4 14
5 19
6 7
9 12
10 14
11 18
13 20
14 16
14 20
15 18
17 18

22
0 12
0 4
0 9
1 13
1 20
1 4
2 6
2 8
3 16
3 8
4 19
5 11
6 15
7 16
8 14
9 12
10 19
10 18
11 20
11 14
13 14
13 17
14 15
18 19
18 21

23
0 3
0 20
1 4
2 16
2 6
3 17
4 20
5 16
6 12
7 16
8 9
8 14
8 10
8 18
9 18
10 11
11 12
12 16
13 22
15 17
15 20
17 18
19 21
19 22
20 21
20 22

24
0 16
0 17
0 1
0 5
1 5
1 13
1 23
2 3
3 6
3 9
4 19
6 12
7 19
7 20
8 12
9 18
9 17
10 14
10 20
11 15
11 12
12 22
13 21
13 23
14 23
15 17
20 23

25
0 3
0 18
0 20
0 7
0 11
1 6
1 19
2 16
3 11
4 7
4 23
5 14
6 12
7 23
8 24
9 16
9 15
10 19
10 11
10 16
11 14
11 15
13 24
15 24
17 21
17 20
18 21
19 22

26
0 11
0 13
1 7
1 24
2 21
2 6
3 8
3 15
4 9
4 18
4 19
4 20
4 25
5 13
5 7
6 17
6 7
6 12
7 16
9 18
10 12
10 24
10 25
11 14
11 22
11 23
14 22
15 17
20 25

27
0 18
0 26
1 4
1 2
2 9
2 7
2 21
2 19
2 14
3 11
5 17
5 19
6 20
7 13
8 12
10 11
11 20
12 24
12 14
12 22
13 21
14 16
14 26
15 24
17 19
19 22
19 23
19 20
20 23
23 25

28
0 26
0 10
1 17
2 13
2 5
3 11
3 27
4 18
4 9
4 12
5 15
5 17
5 24
5 26
6 17
6 7
7 17
8 9
9 25
10 11
11 24
11 20
12 16
14 23
14 22
14 20
16 19
19 21
19 22
22 25
22 27

29
0 23
0 26
1 10
1 12
1 24
2 17
2 20
2 19
3 9
3 26
4 16
5 21
6 17
7 13
7 27
7 9
8 27
9 15
11 12
11 22
12 24
13 20
13 25
14 18
15 18
15 26
16 21
16 18
19 27
22 28
22 23
26 28

20
0 13
0 14
0 19
1 4
2 12
3 4
3 17
4 15
5 17
5 9
6 9
6 18
7 10
7 19
7 8
8 19
11 19
12 15
12 17
14 16
16 17
16 19
17 18

21
0 18
1 10
1 4
2 3
3 8
3 19
3 20
4 8
5 15
5 8
6 13
6 7
7 14
7 16
7 10
7 11
8 13
9 17
9 13
11 16
12 15
12 19
13 17
16 18

22
0 17
1 8
1 3
2 3
3 14
3 4
3 16
4 16
5 7
6 21
7 11
7 12
9 16
9 10
10 12
10 21
10 16
11 17
11 18
12 20
13 16
13 19
15 17
16 19
17 21

23
0 10
0 14
1 7
1 11
1 10
1 13
2 13
2 21
3 16
3 20
4 12
4 20
5 9
5 21
6 22
7 20
8 14
8 21
11 20
12 15
15 18
15 16
15 19
17 21
17 22
18 19

24
0 22
0 16
1 11
1 5
2 7
2 20
2 23
2 10
3 9
3 22
4 9
5 17
5 11
6 10
6 12
6 18
7 18
8 14
8 9
9 13
11 20
11 13
13 16
13 20
15 22
17 21
19 23

25
0 16
1 16
1 18
1 21
2 21
2 9
3 12
3 19
3 8
4 10
4 14
5 23
6 17
6 21
7 8
8 17
9 17
10 17
11 22
11 15
12 13
12 20
14 24
14 22
15 22
18 21
19 22
21 23

26
0 15
0 21
1 13
2 13
2 6
2 12
3 5
3 24
4 24
4 16
6 9
6 10
6 25
7 22
8 23
8 10
9 19
11 14
11 18
12 17
12 13
14 18
15 21
16 17
18 22
18 19
20 23
21 25
22 25

27
0 11
0 13
1 9
1 19
2 26
2 17
3 17
3 4
4 10
4 24
5 19
5 26
5 16
6 11
6 25
6 13
7 24
7 13
8 14
9 16
11 20
11 21
12 15
13 15
13 23
14 22
14 26
18 24
23 24
24 26

28
0 2
1 24
1 7
2 23
2 12
3 20
3 21
3 16
4 21
4 5
5 16
6 17
6 16
7 10
7 24
7 12
8 19
9 14
9 25
11 16
12 15
12 18
12 19
12 17
13 16
13 27
15 22
17 18
21 26
22 23
25 27

29
0 14
0 18
1 20
2 12
3 18
3 24
3 23
4 23
4 10
4 19
4 28
5 23
6 20
6 24
7 8
7 13
8 11
8 17
9 23
9 27
10 26
10 28
11 25
12 27
13 25
14 24
15 18
16 21
16 20
17 22
19 27
21 22

20
0 12
1 7
2 8
3 14
3 15
3 16
3 5
3 19
4 5
4 19
5 7
5 18
6 13
6 17
6 18
7 8
7 11
7 9
8 9
10 16
10 15
12 18
17 18

21
0 15
1 10
1 14
1 5
2 12
3 11
3 14
4 7
4 18
4 12
4 19
5 16
5 14
6 8
6 20
7 9
8 12
8 19
9 18
11 15
12 17
13 16
13 17
14 15

22
0 6
0 11
1 18
1 21
1 3
2 7
2 15
3 13
3 8
3 19
3 20
3 5
4 12
5 21
6 16
7 15
8 10
9 14
10 15
10 17
11 20
12 16
14 16
14 20
17 19

23
0 13
0 11
0 21
1 5
1 15
2 3
2 15
2 14
3 17
3 20
4 9
5 7
5 8
5 11
5 21
5 9
6 18
9 15
10 12
10 16
10 17
10 22
10 18
12 18
14 22
16 19

24
0 5
0 17
1 7
1 20
1 3
1 21
2 10
2 16
2 13
3 5
4 9
4 16
5 14
5 21
6 18
6 14
6 12
7 11
8 9
9 12
12 13
12 14
14 22
15 22
17 22
19 23
21 23

25
0 15
0 24
1 11
2 10
2 11
3 19
3 4
4 9
4 17
5 6
5 17
5 22
7 22
8 22
10 11
10 14
12 19
13 18
14 16
14 18
17 19
17 22
18 23
18 24
20 21
21 24
22 24
23 24

26
0 6
1 17
2 7
3 24
3 23
3 4
4 9
4 15
4 5
4 25
5 6
5 23
7 13
7 11
8 20
9 17
10 21
11 25
12 18
12 19
12 14
13 19
13 21
14 18
15 20
16 25
17 20
20 22
21 25

27
0 17
0 2
1 13
2 20
2 18
3 9
3 25
4 15
4 12
5 13
6 14
7 10
7 24
7 18
8 11
8 22
9 23
9 18
11 14
12 18
12 23
13 21
13 16
14 19
16 22
17 24
19 21
22 25
22 26
25 26

28
0 15
0 16
0 21
0 2
1 7
1 2
1 17
2 8
2 21
3 22
4 6
4 14
4 26
4 13
4 9
5 10
5 13
6 12
8 11
9 24
10 17
10 13
11 23
13 22
13 20
14 24
16 19
18 22
20 26
20 27
21 25

29
0 2
0 12
0 28
0 4
1 15
1 20
1 17
3 13
3 9
3 14
3 18
4 12
5 25
5 18
6 11
6 18
7 23
7 27
8 25
9 22
10 19
10 26
12 20
13 21
14 24
16 19
17 19
18 28
20 26
23 28
25 28
27 28

20
0 3
0 9
1 4
2 10
2 17
2 18
2 9
3 12
3 11
4 18
4 15
5 15
6 9
6 19
7 12
8 17
8 14
9 11
9 13
10 13
14 18
15 18
16 19

21
0 7
0 16
1 7
1 20
2 16
2 13
3 10
3 9
3 14
3 6
4 10
5 18
5 13
6 15
6 7
8 20
8 12
9 17
9 11
10 11
12 20
13 20
14 15
16 19

22
0 11
1 15
1 18
1 14
2 13
2 11
3 10
3 8
4 13
4 19
5 6
5 18
6 14
7 12
8 11
9 12
9 14
9 17
11 16
13 16
13 17
14 17
17 19
19 20
19 21

23
0 15
0 8
1 11
1 18
2 8
2 4
2 9
3 13
3 5
4 19
4 20
4 15
5 19
6 8
6 10
7 12
7 22
8 10
9 18
9 16
9 11
13 20
14 18
16 22
17 22
18 21

24
0 22
0 5
1 16
2 13
2 10
2 22
2 14
3 12
3 18
4 22
4 7
5 23
6 16
6 14
7 17
7 23
8 15
8 23
9 11
9 21
9 10
9 12
11 18
13 14
13 20
14 19
15 23

25
0 9
0 5
0 15
1 14
2 21
2 13
3 22
4 16
5 17
6 9
6 22
7 14
7 23
7 8
8 21
8 13
10 12
11 19
12 23
12 16
13 20
15 18
15 22
15 19
15 24
16 23
19 24
20 24

26
0 14
1 4
1 10
2 20
2 9
2 22
2 12
3 10
5 21
5 8
6 19
7 24
7 22
8 13
8 23
9 12
9 15
10 23
11 21
13 19
14 19
15 23
16 23
17 18
18 22
18 25
19 21
22 25
22 24

27
0 8
0 3
0 25
1 3
2 13
3 17
3 18
3 25
3 11
4 22
4 8
5 14
5 19
6 22
6 12
7 17
8 12
8 20
9 13
9 21
9 26
10 15
11 21
13 17
14 16
14 22
15 16
19 22
21 24
23 26

28
0 1
0 12
0 22
1 12
2 21
2 24
2 12
3 14
3 19
3 18
4 27
5 14
6 21
6 10
7 25
8 13
9 17
10 16
10 26
11 13
12 13
14 15
17 20
18 22
19 22
20 25
22 25
23 25
23 27
24 26
25 27

29
0 13
1 3
1 19
1 12
1 27
1 21
1 17
2 9
2 23
2 25
2 22
3 11
4 13
4 6
5 18
6 21
7 14
8 22
10 28
12 24
14 18
14 25
15 25
15 26
16 23
17 21
18 28
19 27
20 26
21 22
22 28
25 26

20
0 4
0 1
0 11
1 11
2 9
2 3
2 5
3 8
5 18
6 15
6 16
7 11
8 14
8 18
9 10
9 11
10 11
12 18
12 19
13 14
16 17
17 19
17 18

21
0 16
0 15
1 7
1 19
1 20
1 4
2 19
3 5
4 12
5 13
5 15
6 10
6 14
8 14
8 9
8 17
8 18
9 15
10 18
10 12
11 17
11 15
12 19
13 16

22
0 10
0 17
0 21
1 3
1 7
2 12
2 9
4 6
4 7
4 16
5 17
5 14
7 16
8 18
8 9
9 16
9 11
9 15
10 13
11 20
11 17
14 19
15 20
17 19
17 21

23
0 19
0 17
0 12
1 6
1 17
1 14
2 15
2 18
2 9
2 22
3 20
4 21
4 14
4 11
5 22
6 20
6 16
7 13
8 22
9 13
9 12
10 13
11 14
12 17
14 16
15 22

24
0 11
0 14
1 3
1 6
2 13
2 6
3 16
4 5
4 16
4 10
5 17
6 16
6 11
7 12
8 23
9 19
9 12
10 16
11 15
12 19
12 22
13 15
14 18
18 22
19 21
20 22
20 23

25
0 19
1 18
1 8
2 6
2 20
3 15
3 8
3 11
4 21
5 18
5 14
6 17
6 21
7 9
7 22
9 16
10 14
10 18
11 20
11 23
12 13
12 18
12 15
16 19
16 22
18 22
20 21
23 24

26
0 6
0 10
1 7
1 16
1 14
1 2
1 4
2 25
2 7
3 22
3 14
4 23
5 19
6 15
8 14
9 24
9 17
10 18
10 22
11 23
11 14
12 24
12 18
13 15
13 18
17 20
19 20
19 24
21 25

27
0 13
0 25
1 23
2 16
3 8
3 14
3 9
3 17
4 21
4 20
5 12
5 19
6 16
6 7
6 23
6 9
7 20
9 15
9 25
10 14
10 12
11 22
12 24
13 20
14 19
16 22
17 26
17 18
18 26
22 23

28
0 11
1 15
2 27
3 18
4 5
4 11
4 21
6 25
6 16
7 23
8 26
8 24
9 11
9 17
10 19
10 21
10 27
11 24
12 18
12 22
12 24
13 19
13 20
14 26
15 24
16 27
17 21
19 20
19 27
23 26
25 27

29
0 17
0 26
0 12
0 14
1 20
1 14
2 7
2 11
3 21
4 11
5 16
5 20
6 7
6 22
6 20
8 14
8 26
9 18
9 20
10 18
10 23
11 21
11 13
12 19
12 28
13 15
15 20
16 23
16 27
19 25
24 26
25 28

