40
0 27
1 21
1 14
2 27
3 10
3 20
4 25
4 5
5 21
6 23
7 12
7 29
7 39
8 11
8 17
8 24
9 33
9 27
10 35
12 36
13 32
13 30
14 16
14 36
15 22
15 36
15 38
15 39
16 25
18 26
18 31
18 37
19 35
19 23
20 23
20 22
23 27
23 34
24 27
27 33
28 39
29 37
30 34

41
0 11
0 35
0 20
1 31
1 27
1 39
2 14
2 4
3 17
4 14
4 23
5 27
6 24
6 14
7 8
8 29
8 34
8 39
9 27
9 22
10 39
11 13
12 28
12 19
13 16
13 15
15 21
15 26
15 17
16 20
17 23
18 20
19 23
19 31
21 25
22 30
23 25
26 36
30 38
32 37
32 39
32 33
33 40
38 39

42
0 14
0 2
0 17
1 25
1 5
2 16
3 25
3 31
3 5
3 16
4 18
4 9
4 26
4 28
5 22
6 30
7 11
7 32
7 34
7 17
8 33
8 22
9 29
10 41
10 34
12 36
12 28
13 27
13 40
13 39
15 30
17 41
18 19
20 27
20 34
21 36
23 36
24 41
26 30
26 36
28 39
28 34
30 35
35 37
38 39

43
0 37
0 5
0 29
1 5
2 33
2 17
2 28
2 3
3 23
3 18
3 38
4 30
4 18
4 16
5 39
6 30
7 39
7 19
8 9
8 40
10 31
11 42
12 19
13 14
13 23
14 33
15 19
15 21
15 37
16 32
16 30
17 34
18 41
20 39
22 27
22 38
24 30
25 28
26 42
28 35
28 40
29 41
29 38
31 35
36 37
38 42

44
0 15
0 43
1 7
1 18
2 18
2 40
3 14
4 18
5 33
6 40
7 24
7 14
8 34
8 30
9 35
10 28
10 34
11 14
12 18
13 40
13 38
14 33
16 30
17 31
17 41
18 26
19 42
19 41
20 28
20 29
21 32
21 29
22 25
22 43
23 38
23 30
25 42
26 37
27 38
29 36
29 43
30 37
30 43
32 39
32 36
34 35
41 43

45
0 36
0 27
1 38
1 25
2 28
2 18
2 34
3 15
3 23
3 25
4 28
5 20
6 25
7 39
8 15
9 41
9 39
9 14
10 26
11 12
11 33
11 21
13 35
13 37
14 16
14 42
14 18
16 30
17 22
17 30
18 33
18 27
18 44
19 30
20 27
21 30
23 43
24 34
25 37
25 29
26 43
29 39
31 38
32 34
32 36
35 40
37 38
39 41

46
0 14
1 12
1 28
1 25
1 45
2 30
2 40
3 16
3 13
3 38
4 9
5 36
5 13
6 26
6 40
7 8
7 41
8 33
8 27
9 15
10 36
11 29
13 18
13 20
14 43
15 44
17 22
18 20
19 37
20 31
21 44
21 37
22 32
23 44
24 44
24 33
25 29
26 43
27 37
28 29
29 41
30 38
32 34
32 35
33 39
33 35
34 42
36 37
37 40

47
0 36
0 9
0 21
1 24
1 11
1 45
2 33
2 38
3 29
4 39
4 36
5 40
5 37
5 14
6 21
7 9
7 15
7 16
8 18
10 21
11 13
12 43
13 29
14 44
14 29
15 28
16 23
17 19
17 30
17 41
17 23
17 45
18 19
18 45
20 33
21 32
21 28
22 42
22 32
23 25
23 26
25 33
26 43
27 45
27 37
29 34
31 35
35 42
38 43
44 46

48
0 3
1 28
1 35
1 39
1 47
2 37
3 17
3 24
4 42
5 9
5 19
5 21
5 28
6 16
7 14
7 33
7 28
8 34
9 36
10 12
11 37
11 41
12 15
12 17
13 37
15 22
16 21
17 45
18 39
19 29
19 25
19 46
20 43
21 31
22 44
22 24
22 47
23 24
23 43
24 43
25 32
26 30
27 31
27 39
30 33
32 46
34 41
34 38
37 42
38 46
40 43

49
0 14
0 30
1 16
2 12
2 18
3 39
3 43
4 47
5 32
5 6
6 35
6 34
7 48
8 21
9 40
9 15
9 47
9 17
10 13
10 19
11 38
12 17
13 17
15 25
16 20
16 30
17 27
17 42
18 31
19 29
19 39
20 30
20 23
21 23
21 33
22 32
23 38
24 33
24 48
25 41
25 43
26 34
28 32
28 39
31 33
32 37
34 44
34 36
36 39
38 42
43 45
43 46

40
0 27
0 30
1 12
1 31
2 8
2 37
3 12
3 26
3 22
4 20
4 33
5 7
5 38
5 9
5 8
6 16
6 28
6 8
7 14
7 36
9 34
10 13
10 33
10 32
11 31
11 20
13 17
13 24
15 27
16 19
18 35
18 31
19 27
20 32
21 30
22 23
22 31
25 31
27 33
28 30
29 34
34 39
37 38

41
0 33
1 26
2 32
2 40
3 15
3 31
3 16
4 19
5 39
5 34
6 30
6 21
7 27
7 11
7 34
7 19
8 21
9 39
10 23
11 19
12 25
13 28
13 37
13 19
14 20
14 25
15 26
16 18
17 23
18 21
20 25
21 27
22 36
22 24
22 40
23 26
24 34
24 40
25 30
27 29
30 39
32 35
33 36
38 39

42
0 40
0 15
1 25
2 27
2 9
3 13
3 23
3 10
3 21
4 6
5 6
6 22
6 27
7 32
8 19
8 25
8 29
8 31
9 20
9 21
9 16
10 29
10 31
11 26
11 41
12 22
13 18
14 30
15 22
15 37
15 35
16 32
17 18
24 32
26 30
26 41
28 33
30 36
30 35
32 34
32 33
32 40
33 38
35 37
36 39

43
0 34
0 41
1 5
1 17
2 28
2 6
3 36
3 13
4 33
4 23
4 27
4 19
5 39
6 16
7 14
8 13
8 36
9 15
10 25
11 19
11 30
11 21
12 13
14 24
14 29
14 34
15 20
16 20
16 28
16 25
17 21
17 33
18 26
18 31
18 27
18 42
18 34
22 32
22 37
23 25
23 40
25 37
25 38
27 36
27 41
34 35

44
0 5
0 40
0 16
0 32
1 28
1 3
2 42
2 30
2 19
3 43
4 8
4 15
4 35
4 13
6 33
7 23
7 30
7 43
9 37
9 25
10 30
11 21
11 30
12 37
13 25
13 16
13 28
13 24
14 30
16 22
17 25
18 43
18 39
19 36
20 29
21 39
23 29
24 38
24 43
25 32
26 41
26 43
27 34
30 36
31 43
33 41
34 37

45
0 22
0 24
0 15
0 30
1 16
1 42
2 21
3 31
3 36
3 18
4 40
4 9
5 8
5 38
5 12
6 13
6 14
6 28
6 25
7 19
7 39
9 35
9 15
10 34
10 16
10 18
11 33
12 38
13 22
16 21
17 32
17 42
18 42
18 39
18 44
20 30
20 38
23 26
24 29
25 29
26 39
27 41
27 43
27 38
32 33
35 37
38 39
40 43

46
0 22
1 4
1 21
2 12
3 32
3 31
3 14
4 21
4 16
4 6
5 23
5 36
6 12
6 42
6 43
7 33
8 20
8 44
9 28
9 44
9 14
10 19
11 41
13 35
14 18
14 37
15 35
15 16
17 41
18 43
19 35
20 30
21 33
22 23
22 26
24 38
24 30
25 28
26 40
26 37
27 36
27 40
29 34
30 41
30 44
30 38
31 39
34 41
37 45

47
0 22
1 32
1 28
2 43
2 12
3 29
4 11
4 20
5 21
5 32
6 18
7 22
7 35
8 28
8 38
8 37
8 42
9 33
10 19
10 33
11 22
12 37
13 28
14 16
14 18
14 41
15 18
15 44
15 19
16 41
17 29
19 33
19 26
20 25
20 35
20 24
23 25
24 34
24 30
26 31
26 38
27 28
29 40
29 39
30 46
33 45
36 38
39 42
42 44
45 46

48
0 12
0 11
1 6
2 18
2 38
2 19
2 11
3 32
3 23
3 20
4 40
4 5
5 19
6 15
7 15
8 40
9 33
10 22
10 37
11 15
12 45
13 26
13 28
13 25
13 39
14 30
15 29
15 47
16 29
17 20
17 19
17 40
20 44
20 46
21 36
21 37
23 41
23 46
24 35
24 31
24 34
25 37
27 43
27 37
29 34
30 35
31 45
33 42
33 40
33 36
39 42

49
0 39
0 42
0 12
0 38
1 2
1 40
1 12
1 41
3 35
3 45
4 26
4 42
5 33
5 13
6 20
6 30
6 32
6 22
6 33
7 47
8 20
8 21
9 31
10 37
11 18
11 17
11 34
12 15
12 36
12 17
13 21
14 22
14 43
16 46
17 27
19 37
21 48
22 47
23 43
23 44
24 27
25 38
28 29
28 41
28 40
31 39
32 46
34 43
37 43
38 43
41 45
44 46

40
0 11
0 12
0 14
0 31
0 25
1 7
1 39
2 18
2 32
2 37
3 13
3 4
4 9
4 30
5 18
6 18
8 22
8 39
9 20
10 23
13 34
15 31
16 24
16 30
17 25
19 35
20 34
21 24
21 27
22 36
23 31
23 26
24 28
25 35
25 38
25 29
26 27
26 29
26 32
27 30
27 32
32 33
37 39

41
0 13
0 33
0 40
1 8
2 31
3 12
3 23
4 34
4 10
5 18
5 21
6 7
6 12
7 13
8 17
8 34
9 15
10 24
10 27
10 17
11 12
12 23
12 40
14 26
14 38
15 32
16 32
17 19
19 22
20 26
21 30
22 39
23 35
23 36
23 34
23 26
25 28
28 36
29 37
30 32
30 35
31 39
34 38
37 39

42
0 7
0 18
0 10
1 4
2 4
2 10
2 27
3 34
4 29
5 30
5 18
6 28
8 39
9 11
9 20
10 31
12 39
13 14
13 22
15 19
15 35
15 36
16 23
16 38
16 17
17 24
17 40
18 25
18 29
20 27
20 28
21 38
21 40
22 39
25 30
26 39
28 37
28 32
32 34
32 38
33 37
35 39
36 40
39 41
40 41

43
0 7
0 20
0 22
0 26
0 16
1 31
1 32
1 38
1 35
2 16
2 3
3 12
3 23
3 14
4 38
4 13
5 40
6 34
6 32
8 40
9 40
9 24
10 12
11 13
11 23
12 15
12 29
12 30
12 24
14 18
14 24
15 25
15 29
17 28
19 41
21 34
24 41
27 36
27 38
28 37
31 34
32 33
34 37
35 36
39 41
41 42

44
0 1
0 27
1 33
2 8
3 31
3 12
4 6
5 12
5 36
5 37
5 13
6 30
7 22
8 39
8 28
8 18
9 41
10 21
10 39
11 31
11 42
12 32
13 22
13 42
13 43
14 39
14 18
15 37
16 41
17 40
17 28
18 30
18 29
19 22
20 29
20 31
23 41
24 27
24 29
25 28
26 38
26 27
27 41
31 41
32 34
33 38
35 36

45
0 14
1 18
2 41
2 7
3 18
3 7
3 42
4 36
4 39
5 12
5 7
6 13
6 14
6 29
8 23
8 40
8 29
9 36
10 31
11 17
12 38
14 27
14 22
14 35
15 18
16 40
17 24
17 37
17 22
18 37
19 44
20 29
20 30
21 22
23 32
23 34
23 25
25 32
26 33
26 44
26 29
28 35
29 43
30 33
31 38
35 39
38 41
42 43

46
0 33
0 19
0 25
0 34
0 44
1 27
2 41
2 39
3 12
3 24
4 14
5 42
6 40
7 36
7 26
8 22
8 19
8 33
9 12
10 29
10 34
11 28
12 20
13 15
13 45
14 29
16 33
17 19
18 35
19 30
21 38
22 39
22 35
23 24
23 45
24 32
24 34
25 43
26 30
26 36
27 38
27 32
28 33
29 44
31 43
33 40
34 37
35 42
39 41

47
0 7
0 18
0 31
0 36
0 33
0 40
0 35
1 17
1 26
2 23
2 14
2 6
3 13
4 44
5 8
5 45
6 17
7 16
8 22
8 30
8 27
8 20
9 25
10 27
11 19
11 44
11 28
12 13
12 25
12 33
14 32
15 42
17 43
20 32
21 36
24 38
24 45
25 39
26 41
26 46
27 35
28 38
29 43
32 42
34 38
34 44
35 36
37 41
38 45
43 45

48
0 2
0 46
1 33
2 28
2 5
2 41
3 27
3 5
4 42
5 40
6 25
7 15
7 31
7 36
8 36
8 45
8 30
8 31
9 13
9 29
10 18
10 39
11 12
11 17
12 23
14 39
16 33
16 37
16 39
17 37
19 20
19 23
19 39
21 38
21 44
21 26
22 26
22 30
22 40
24 37
25 38
26 35
27 46
28 41
29 39
29 32
32 38
34 42
36 43
40 47
42 45

49
0 25
1 2
1 19
2 9
3 6
3 26
3 19
3 30
4 27
4 10
4 45
5 20
5 42
5 31
5 13
6 29
7 11
7 33
7 35
8 32
10 23
11 16
12 40
13 37
14 45
14 18
15 38
15 18
16 33
17 43
17 46
17 34
18 36
18 35
18 48
19 47
21 22
22 30
22 29
23 34
24 41
24 35
25 40
26 32
28 38
29 31
31 37
33 37
35 40
36 39
44 46
46 48

40
0 12
1 17
1 36
2 34
2 37
2 10
3 16
3 30
3 5
4 33
4 23
5 10
5 39
6 39
7 29
7 30
8 23
9 39
11 18
11 27
12 39
13 14
13 15
15 17
16 25
18 36
18 34
19 39
20 28
21 39
22 39
23 32
23 30
24 35
24 31
25 37
26 35
27 31
28 38
28 33
28 32
31 35
31 36

41
0 2
0 40
1 13
1 30
2 34
3 19
3 9
4 16
5 10
5 27
6 19
7 40
8 24
8 17
9 39
9 18
9 19
11 21
11 36
11 13
12 30
14 37
14 31
14 30
15 23
15 33
15 27
16 25
17 31
18 28
18 29
20 34
20 29
21 26
22 30
22 34
24 27
24 38
25 35
25 28
28 32
29 40
30 31
31 38

42
0 30
0 33
1 5
1 28
1 22
1 33
2 13
2 31
2 18
3 17
4 14
4 23
4 27
5 7
5 38
5 6
6 27
6 39
7 27
8 9
8 31
9 13
10 28
11 15
11 35
11 19
12 32
16 21
16 30
16 33
17 32
17 36
17 21
18 26
18 41
19 23
20 32
21 34
21 25
22 26
24 26
25 37
28 33
29 40
29 30

43
0 18
0 34
1 30
1 11
2 10
3 30
3 17
4 14
5 35
5 11
6 36
6 29
7 13
7 23
7 9
8 28
8 31
9 32
9 17
10 17
11 38
11 39
12 28
12 37
14 40
15 20
16 38
17 25
18 20
18 21
18 41
19 29
19 35
21 40
22 26
24 27
24 32
25 39
25 42
26 31
26 40
28 37
29 34
31 33
33 40
36 38

44
0 27
0 5
1 10
1 42
1 8
2 25
3 37
4 17
4 9
5 27
6 34
6 32
6 14
6 43
7 24
8 40
9 20
10 39
11 37
11 38
12 20
12 33
13 38
13 32
14 18
14 43
14 21
15 25
15 35
15 18
16 29
18 29
19 27
21 35
22 30
23 32
24 26
26 43
27 39
27 28
28 33
28 36
28 38
30 40
30 37
31 37
34 41

45
0 21
0 33
0 24
1 31
1 28
1 25
2 23
3 35
3 25
4 18
4 6
4 10
5 18
6 19
7 22
7 34
7 38
8 20
9 29
9 10
10 14
10 44
11 18
12 36
12 37
13 17
15 39
16 21
16 33
17 44
19 37
19 23
20 26
23 38
24 30
24 44
25 29
26 43
26 44
27 38
27 37
28 39
28 29
30 40
30 44
32 42
39 41
41 42

46
0 5
1 40
1 19
2 14
2 44
3 41
4 23
5 7
5 10
5 42
5 43
6 8
6 30
6 31
8 25
8 23
9 35
9 39
11 17
11 34
11 21
11 26
12 16
13 14
14 18
14 45
15 39
15 41
15 22
15 20
16 29
16 24
17 27
18 26
19 34
20 21
22 32
23 33
24 30
26 27
26 44
27 37
28 43
29 43
30 42
31 36
31 32
33 38
35 38

47
0 32
0 16
1 6
1 41
2 27
2 34
3 45
4 15
4 20
5 19
6 30
6 31
7 10
7 20
8 27
9 37
9 11
11 35
11 41
11 16
11 46
12 32
13 37
14 19
14 33
15 43
15 20
16 45
17 25
17 26
17 21
18 23
18 42
18 32
19 29
20 24
20 44
20 31
21 29
22 28
22 43
23 38
24 33
28 43
29 36
29 40
29 44
31 34
32 34
33 39

48
0 44
0 27
1 41
2 7
2 23
3 17
3 40
4 14
5 10
5 43
5 14
5 31
6 19
7 22
8 9
8 44
9 30
9 38
11 45
11 46
12 18
12 38
13 20
13 19
13 34
14 39
15 22
16 28
17 22
18 44
19 34
19 40
21 41
21 29
23 42
23 40
23 47
24 33
25 46
26 41
27 33
27 35
27 40
28 35
29 44
31 43
32 46
34 39
36 44
37 38
43 46

49
0 5
0 39
0 45
1 24
2 41
2 44
2 9
3 32
3 8
4 27
6 45
6 30
7 24
7 23
8 17
8 43
9 43
9 46
9 14
10 31
11 36
12 36
12 38
12 35
13 46
14 48
15 26
15 42
16 48
17 32
18 19
18 47
18 27
19 27
20 26
21 28
22 39
22 43
23 34
23 38
25 38
28 46
29 45
30 35
31 47
33 47
35 39
37 42
39 43
40 47
40 48
42 46

40
0 15
0 27
1 9
1 17
1 11
2 19
2 7
3 24
3 26
4 27
5 6
5 32
6 20
6 23
6 19
7 33
7 25
7 27
8 26
8 28
10 18
10 39
10 13
11 30
12 35
12 36
12 39
13 18
14 31
14 19
16 39
16 36
17 38
19 28
19 34
21 31
22 39
24 27
25 30
27 37
29 33
31 32
34 36

41
0 5
1 12
1 30
1 37
1 25
1 23
2 32
2 36
2 38
2 35
3 23
3 31
4 29
5 27
6 39
6 24
7 11
7 33
8 39
9 24
10 17
10 29
13 33
13 24
13 23
14 28
14 31
14 26
15 26
15 38
16 33
18 38
19 37
20 26
21 22
21 38
23 31
24 29
24 25
27 32
28 34
30 37
35 38
35 40

42
0 19
1 40
1 28
2 14
2 36
2 6
3 29
3 32
3 15
3 31
4 23
4 7
4 36
5 9
5 35
5 6
6 25
7 8
8 35
10 16
10 38
11 21
11 34
12 41
13 28
15 38
16 27
17 34
17 28
18 31
19 40
20 34
20 28
22 37
22 41
24 31
25 41
26 33
26 29
27 30
27 33
28 41
31 39
35 39
37 41

43
0 15
1 35
1 39
1 18
2 13
2 24
2 4
2 15
3 32
4 15
4 21
4 29
5 8
5 35
6 11
6 9
7 41
8 33
8 42
9 31
9 37
9 23
10 40
12 19
12 20
12 21
13 16
14 37
14 38
14 23
14 36
17 32
17 23
18 36
22 32
23 26
24 27
25 30
25 38
26 41
28 38
29 36
29 42
30 34
34 38
40 42

44
0 41
0 6
1 38
1 35
2 33
3 5
3 41
4 15
4 11
4 43
6 10
6 16
6 41
7 21
7 42
7 23
8 28
8 24
8 27
9 19
9 16
11 18
11 36
11 39
12 27
13 29
13 15
14 36
16 35
16 40
16 18
17 34
17 37
17 41
20 38
22 24
22 33
22 31
23 38
24 25
25 26
26 27
26 32
30 36
31 42
36 40
39 43

45
0 44
1 11
1 19
2 9
2 8
3 21
3 39
4 43
5 26
6 31
6 39
7 16
7 21
8 32
10 44
11 18
12 33
13 43
13 19
14 20
14 32
14 39
14 37
14 43
15 35
15 28
16 34
16 36
17 38
17 33
19 23
19 44
19 41
20 29
21 28
22 37
24 42
24 37
25 43
26 41
26 44
27 33
29 38
30 37
33 40
33 37
36 43
37 42

46
0 4
0 42
1 30
2 18
2 28
3 40
3 26
3 7
5 18
6 29
6 9
7 32
7 45
8 36
9 40
10 12
10 28
11 23
11 24
11 21
11 44
12 18
13 35
14 15
14 30
14 35
14 27
16 36
16 38
16 21
17 31
18 25
19 42
20 22
20 36
22 23
25 31
26 45
27 37
28 34
31 33
33 44
34 40
34 43
37 40
39 41
40 42
40 43
41 44

47
0 19
0 36
1 46
2 24
2 41
3 14
3 43
3 16
4 15
4 40
4 14
5 33
5 34
5 41
5 10
6 23
6 39
7 40
8 17
8 20
8 26
9 13
9 35
10 27
10 46
11 13
12 29
12 34
13 22
15 32
16 42
18 35
18 23
20 25
21 25
23 28
25 30
25 44
25 31
26 37
28 42
31 37
32 39
33 46
35 38
36 37
36 41
42 46
42 45
45 46

48
0 32
0 8
1 14
2 35
2 23
2 11
3 38
4 10
5 20
5 38
6 16
6 45
7 21
7 31
8 15
9 26
10 39
10 43
10 40
11 24
11 27
12 37
12 40
12 44
12 23
13 30
13 43
14 24
15 32
15 18
15 17
17 22
17 18
18 45
19 31
19 45
19 27
21 26
23 29
25 43
26 33
27 41
27 47
28 30
29 42
33 36
34 42
35 45
38 44
41 46
42 44

49
0 21
1 10
1 43
1 31
1 14
2 21
2 38
3 6
3 35
3 48
4 14
5 19
5 26
5 17
6 33
6 13
7 16
7 31
8 22
8 29
9 15
9 43
10 30
11 41
11 12
12 18
12 35
13 32
13 41
14 15
16 17
17 37
17 45
20 24
20 34
20 46
20 38
20 27
22 47
23 38
24 34
25 35
26 27
28 38
29 40
29 38
29 39
31 48
33 36
39 42
42 46
43 44

