10
0 1
0 7
1 5
1 6
1 8
1 7
1 2
2 5
3 4
3 7
3 9
6 8
7 9

11
0 8
0 9
0 1
0 4
1 3
1 4
1 10
2 9
2 8
3 10
5 9
5 7
6 9
7 9

12
0 3
0 4
0 10
1 11
1 5
2 7
2 9
2 11
3 10
4 9
5 11
6 8
6 7
7 8
9 11

13
0 6
1 6
1 7
1 5
1 4
2 3
2 5
3 10
3 5
3 9
4 12
5 11
6 11
7 8
8 12
9 10

14
0 5
0 6
1 11
1 12
2 3
2 9
2 12
3 12
4 10
4 7
5 6
6 8
7 13
8 11
8 12
9 13
9 10

15
0 8
0 9
1 9
1 6
2 7
2 8
3 11
4 9
5 9
5 13
6 13
6 12
6 14
7 11
8 10
8 11
9 10
12 14

16
0 9
0 14
1 7
2 5
2 7
2 15
3 14
3 8
4 6
4 12
5 13
6 11
7 8
8 14
8 15
9 10
10 14
11 12
12 13

17
0 8
0 9
1 6
1 16
2 7
2 3
2 13
2 16
3 12
3 13
4 11
4 16
5 6
6 16
8 9
9 14
9 16
10 16
11 15
14 15

18
0 13
0 10
1 8
1 12
2 14
3 9
3 11
3 5
3 15
3 16
3 17
4 8
4 12
5 10
5 14
6 11
7 12
7 11
7 9
10 13
14 17

19
0 2
0 6
0 10
1 9
3 4
3 13
4 18
5 9
5 13
5 11
5 7
5 16
5 15
6 15
7 17
8 15
9 17
10 15
11 15
12 18
14 16
16 18

10
0 4
0 5
1 8
2 3
2 6
3 6
4 5
5 7
5 9
5 8
5 6
6 9
7 8

11
0 6
0 10
1 2
1 4
2 4
2 6
2 8
3 8
3 6
5 7
5 9
6 10
7 9
9 10

12
0 3
0 4
0 8
0 10
1 10
2 3
2 4
5 6
5 8
6 11
7 10
7 9
8 10
8 11
9 10

13
0 6
0 7
0 4
0 9
1 5
1 2
1 3
1 11
2 10
3 11
4 9
5 8
8 10
9 11
9 12
11 12

14
0 7
0 12
1 5
2 4
2 11
3 10
3 7
4 11
4 9
4 6
5 6
5 9
5 12
5 13
7 12
8 9
12 13

15
0 5
0 10
0 4
0 14
1 12
1 10
2 8
2 3
3 8
4 13
4 14
5 7
5 8
5 11
5 6
5 10
6 8
9 10

16
0 14
1 13
1 6
1 10
1 12
2 8
2 9
2 15
3 15
4 15
5 9
5 15
6 15
7 13
10 15
11 14
11 12
12 13
12 14

17
0 2
0 14
1 15
1 7
2 14
3 9
3 7
4 9
4 15
5 7
5 14
6 12
7 14
7 8
7 11
8 16
10 11
10 16
12 13
13 15

18
0 15
0 17
1 11
1 7
1 8
2 10
2 6
3 15
3 17
4 5
4 6
5 6
5 15
6 12
7 13
7 8
8 16
8 17
9 17
9 14
14 16

19
0 2
0 11
0 12
1 14
2 6
3 9
3 5
4 7
4 13
4 12
4 17
5 14
5 12
7 9
8 12
8 16
10 13
11 12
12 16
15 17
15 18
17 18

10
0 7
0 5
1 6
1 9
2 5
2 3
3 5
4 5
4 6
5 8
5 6
6 9
7 8

11
0 5
0 4
1 6
1 2
2 5
2 6
3 7
3 10
3 8
3 5
4 5
5 7
7 9
8 10

12
0 11
1 7
1 6
1 11
1 2
2 5
3 9
3 8
3 10
3 4
4 8
5 6
6 8
7 11
9 10

13
0 10
1 2
1 12
2 9
2 3
2 12
3 9
4 5
4 6
4 11
4 7
5 8
6 10
6 8
7 12
11 12

14
0 4
0 5
1 8
1 2
1 13
1 6
2 11
3 12
3 6
4 5
5 7
5 8
6 13
6 12
8 11
9 10
10 12

15
0 12
0 1
1 11
1 5
1 8
2 5
2 3
3 14
3 10
3 11
4 13
4 12
6 7
7 8
8 12
9 13
9 12
10 14

16
0 5
1 14
1 5
2 12
2 7
3 5
3 15
4 10
4 9
4 13
4 12
5 14
5 7
6 13
7 15
7 12
8 11
8 9
9 11

17
0 9
0 15
1 12
2 10
2 15
3 8
3 14
4 6
4 9
4 12
5 11
5 16
7 10
7 8
7 15
8 14
11 13
11 12
11 16
12 15

18
0 9
0 12
1 2
1 13
2 13
2 15
2 4
3 16
3 15
4 17
5 6
5 10
5 7
6 14
7 14
7 11
8 9
9 17
11 16
12 17
16 17

19
0 11
0 18
1 8
1 10
2 6
2 5
3 10
3 14
4 14
4 16
5 11
5 7
6 13
7 16
7 13
8 15
9 11
9 18
10 15
10 16
12 18
15 17

10
0 6
0 4
1 7
1 8
2 8
2 4
3 4
3 9
4 6
4 9
4 8
5 9
7 8

11
0 6
1 2
1 10
2 8
2 10
2 9
3 6
3 9
4 5
4 6
5 6
6 7
6 9
8 9

12
0 6
0 7
1 6
1 7
2 11
3 9
3 4
3 5
4 5
5 10
5 11
7 11
7 8
8 11
10 11

13
0 5
0 10
1 9
1 12
2 8
2 11
2 6
2 10
3 10
4 5
4 10
6 7
6 9
6 8
9 12
10 11

14
0 7
0 3
1 10
1 5
2 10
2 6
3 7
4 6
5 7
5 10
6 11
8 13
9 10
9 12
10 12
10 11
11 13

15
0 5
0 14
0 9
1 7
1 12
1 8
1 14
2 10
2 5
2 4
3 4
4 10
6 13
8 14
9 14
10 13
10 11
11 13

16
0 8
1 2
2 3
2 14
3 14
3 12
4 10
4 12
4 8
5 7
5 13
5 11
6 9
8 12
9 15
9 12
10 11
10 13
12 15

17
0 8
1 11
1 14
1 4
2 10
3 5
3 8
4 8
4 12
4 16
5 8
6 7
6 13
6 15
6 14
6 10
9 10
10 13
12 14
14 15

18
0 15
1 11
1 10
1 16
1 17
2 14
3 17
3 16
4 6
4 14
5 17
6 15
7 11
8 12
8 10
9 14
10 12
10 14
10 15
10 11
13 14

19
0 3
0 7
0 4
1 4
1 13
2 17
2 6
4 13
4 16
4 6
5 6
5 18
6 10
6 14
8 11
9 17
9 18
10 11
10 14
10 12
11 12
15 18

10
0 6
0 8
0 4
0 1
1 6
2 6
3 5
3 4
3 7
3 9
4 5
4 8
7 9

11
0 1
0 10
0 7
2 3
2 9
3 9
4 8
5 6
5 9
5 7
5 8
6 9
7 8
7 10

12
0 4
0 11
1 4
1 2
2 11
3 5
3 8
4 7
5 8
6 11
6 10
7 9
7 8
8 9
10 11

13
0 6
0 8
0 7
0 4
1 10
1 9
2 9
2 12
3 12
4 6
5 10
5 8
7 10
9 12
9 10
10 11

14
0 2
0 5
1 11
2 4
2 5
3 9
3 13
4 11
4 12
5 8
5 13
6 13
6 10
7 12
8 13
9 13
10 13

15
0 1
0 7
1 7
2 5
2 6
3 14
3 7
4 9
4 13
4 14
5 12
6 11
6 13
7 14
8 11
9 10
11 12
13 14

16
0 14
0 7
0 2
0 3
1 2
1 10
2 12
2 9
3 14
4 6
4 9
5 9
5 15
6 10
6 13
7 11
7 8
8 12
9 15

17
0 2
0 4
0 14
1 10
1 16
2 14
3 6
3 10
4 10
4 11
5 7
5 10
7 13
8 15
8 12
9 11
10 13
11 16
12 13
12 15

18
0 12
0 10
1 16
1 15
2 13
3 6
3 7
4 11
4 16
5 7
6 14
7 14
7 11
7 17
8 16
8 9
9 17
10 16
10 12
13 16
15 16

19
0 11
0 17
1 6
1 11
1 12
1 17
1 18
2 3
2 12
3 12
4 14
4 13
5 10
5 8
6 18
7 17
8 9
9 12
10 16
13 14
14 16
15 18

