30
0 4
1 15
1 2
2 14
2 20
3 26
3 10
4 7
4 5
4 24
4 22
4 25
5 13
6 10
6 27
7 26
8 21
8 9
9 17
11 28
11 29
12 23
12 17
14 19
15 20
16 23
16 17
17 20
18 29
19 27
22 27
22 28
24 25

31
0 29
0 17
1 15
1 24
2 6
2 24
2 26
2 22
3 16
3 10
3 13
4 19
4 18
4 28
5 27
6 26
6 7
7 8
7 13
7 20
9 11
9 10
10 20
11 27
12 14
12 19
15 22
17 25
17 18
18 28
21 28
23 24
24 30
27 28

32
0 26
1 6
1 26
2 21
3 7
3 25
3 23
4 26
4 8
4 14
4 7
5 18
5 12
8 11
8 12
9 31
9 23
10 21
10 22
12 20
12 17
13 21
14 27
14 26
15 19
15 26
16 29
17 24
17 25
18 30
21 29
21 22
22 28
22 31
23 28

33
0 3
0 16
1 23
1 25
1 31
1 20
2 16
2 32
3 27
3 13
3 10
4 17
4 12
5 12
5 15
6 14
6 20
7 32
8 15
8 16
9 28
9 15
10 24
10 11
11 29
12 26
13 30
13 20
14 20
15 18
16 32
19 24
20 21
21 29
22 26
22 28

34
0 2
0 19
0 1
0 32
0 15
0 10
0 7
1 10
1 29
3 16
3 29
4 18
4 11
4 9
4 33
5 22
5 11
6 8
7 12
8 15
9 14
12 21
12 13
12 15
12 26
13 31
14 24
16 17
17 27
17 20
20 28
20 29
22 24
23 31
24 30
25 28
26 33

35
0 31
1 33
1 12
1 25
2 15
2 10
3 16
3 21
3 8
4 32
4 18
5 24
5 29
6 30
6 11
7 8
7 26
8 27
8 11
9 20
9 24
10 22
10 20
12 25
12 34
12 31
13 27
14 26
14 28
14 22
15 23
17 23
18 29
18 26
19 21
21 27
28 33
31 34

36
0 11
1 4
1 15
1 13
1 7
1 21
2 28
3 11
3 24
3 13
3 31
3 25
5 11
6 22
7 8
8 29
9 29
10 22
10 19
12 30
12 19
12 33
14 28
15 17
16 31
17 28
18 20
19 34
19 22
20 25
21 28
22 23
22 27
25 29
26 34
29 32
29 35
31 33
33 34

37
0 32
0 34
1 29
1 5
1 13
1 6
1 15
2 6
2 30
2 25
3 4
4 8
4 15
5 26
5 32
7 22
7 14
8 19
9 29
10 24
11 33
11 21
12 27
12 19
13 17
13 14
14 35
15 26
16 33
17 35
18 34
20 21
20 36
23 35
24 30
25 29
28 34
28 32
30 36
31 36

38
0 5
0 11
1 11
1 31
2 31
3 10
3 33
3 36
4 8
4 33
5 7
6 7
6 9
7 26
8 30
8 33
9 24
9 21
11 21
11 27
11 36
12 28
12 20
13 20
14 23
14 34
14 37
15 25
16 24
17 18
18 25
19 34
20 35
22 34
23 25
25 35
27 32
29 34
29 33
31 36
36 37

39
0 30
0 1
1 14
1 29
1 38
2 5
2 32
3 15
3 34
3 17
4 26
5 8
5 21
6 17
6 23
6 20
7 25
7 34
9 34
10 13
10 20
10 17
11 18
11 24
11 26
12 19
16 36
18 31
19 34
20 35
21 27
22 34
23 37
24 31
26 32
26 38
27 35
28 33
28 29
29 35
29 33
30 36

30
0 7
0 8
0 16
1 2
1 17
1 9
2 20
3 23
3 22
3 9
3 21
4 16
4 19
5 6
6 10
6 29
8 11
9 12
9 14
9 19
10 27
11 19
13 19
13 20
15 26
15 17
17 18
17 25
17 29
21 23
22 24
25 28
25 27

31
0 26
0 9
1 3
1 30
2 26
2 9
3 5
4 24
4 16
5 22
6 28
6 8
6 17
7 8
8 18
9 10
9 29
10 11
10 12
12 29
12 28
13 29
14 20
15 17
16 18
16 30
17 27
18 27
19 20
19 24
21 29
22 30
23 28
25 26

32
0 26
0 3
1 23
1 16
1 8
2 9
3 16
4 21
4 5
5 22
6 22
7 18
7 23
8 15
9 22
9 25
9 11
10 29
10 19
11 13
11 21
12 15
14 19
14 22
15 21
17 24
18 21
19 20
19 30
20 22
24 26
25 31
27 30
27 29
28 31

33
0 4
0 32
1 9
2 15
3 9
5 23
5 29
5 27
6 12
6 32
7 19
7 11
8 21
9 32
10 31
11 21
12 13
12 32
13 25
13 15
14 17
14 28
14 22
14 18
15 17
16 23
18 26
19 20
19 31
20 30
21 24
21 27
21 22
24 27
25 26
28 30

34
0 32
0 19
1 16
2 10
2 8
3 12
4 28
4 27
5 27
5 10
6 19
7 18
8 21
8 31
8 20
9 32
10 12
10 30
10 18
10 23
10 15
11 31
12 22
12 29
13 24
13 21
14 27
15 16
16 23
16 33
17 26
17 33
18 20
18 32
19 32
23 25
28 29

35
0 26
0 6
1 16
2 31
2 9
2 18
2 10
3 18
3 23
3 24
4 26
5 14
5 25
6 16
7 10
8 17
9 29
9 23
10 32
11 25
12 32
13 17
13 25
14 25
14 16
14 23
15 30
16 21
19 31
20 26
22 24
23 30
23 26
24 33
27 32
27 31
28 34
33 34

36
0 30
1 26
1 35
1 22
2 20
2 13
2 4
3 8
4 22
4 6
5 31
6 20
7 33
7 12
8 20
9 34
10 23
10 29
10 16
10 25
11 16
11 18
12 19
12 32
13 18
14 33
15 20
17 19
19 28
21 26
22 26
24 34
25 33
27 31
28 34
29 33
30 31
31 33
32 33

37
0 24
0 31
1 15
1 29
1 13
2 3
2 12
3 23
3 12
4 18
4 23
5 32
6 10
6 12
6 34
6 13
7 25
7 26
8 9
8 26
10 11
10 34
13 33
13 24
14 18
15 27
16 22
16 19
17 19
19 24
20 33
21 35
22 36
24 29
26 29
28 31
29 32
30 31
30 36
34 35

38
0 33
1 30
2 14
2 34
3 35
4 8
4 28
4 29
4 5
5 11
5 24
5 32
6 30
7 35
7 13
7 26
9 11
9 32
10 25
12 19
13 21
14 26
15 29
15 20
16 30
16 25
17 19
18 35
19 22
19 32
20 29
21 37
22 33
22 34
23 36
23 31
25 33
27 30
30 32
31 34
34 37

39
0 17
0 25
0 38
1 21
1 22
1 6
2 15
3 20
3 7
4 14
4 32
4 18
4 22
5 19
5 18
6 25
7 11
8 16
9 12
9 18
10 12
11 24
13 33
13 23
14 15
15 34
16 22
17 26
18 20
18 34
18 24
23 28
24 30
24 36
27 28
27 33
28 35
29 31
29 37
29 38
32 37
35 37

30
0 8
1 8
1 21
2 28
2 25
3 7
4 6
4 20
5 21
5 22
5 19
5 16
6 24
7 13
7 28
8 17
8 14
9 16
9 10
10 12
10 27
11 20
13 14
13 26
14 19
15 23
18 20
20 23
20 24
20 27
20 22
25 29
26 29

31
0 9
1 27
1 4
1 24
1 26
2 5
3 8
3 10
3 20
4 23
5 24
6 16
7 21
7 23
7 15
8 9
10 12
11 25
11 19
12 24
12 18
12 13
13 29
14 26
15 28
15 21
16 23
17 26
17 27
18 30
19 27
20 23
22 30
29 30

32
0 18
0 6
0 31
1 27
1 3
1 5
2 20
3 28
4 14
4 31
5 24
5 12
6 26
6 14
6 15
7 17
8 20
9 26
10 29
11 14
12 16
13 15
13 29
13 26
14 30
14 19
15 20
16 21
17 20
19 30
21 31
22 23
23 30
24 28
25 26

33
0 25
1 4
1 16
2 18
2 31
2 23
3 10
3 13
4 20
4 22
4 26
5 29
5 6
6 25
6 32
6 18
7 12
8 14
8 21
8 31
9 30
9 23
9 29
10 26
10 13
11 19
12 25
12 32
13 27
14 19
15 26
16 26
17 31
24 32
27 31
28 30

34
0 5
0 30
0 1
1 11
1 8
2 4
2 29
2 5
3 12
3 8
4 29
5 23
5 12
6 14
6 26
6 15
7 10
7 20
8 21
9 25
10 17
11 18
12 20
13 22
13 28
13 29
14 29
15 29
16 31
17 24
19 22
21 33
22 28
23 31
25 32
27 33
30 32

35
0 19
0 34
1 7
1 17
2 21
2 31
3 9
3 8
3 11
4 15
4 32
4 6
4 34
5 23
5 19
6 20
6 17
7 26
8 18
9 13
10 16
11 25
11 33
12 33
13 14
15 29
16 17
17 22
17 26
17 31
17 25
17 21
18 27
20 30
22 28
24 34
25 28
25 33

36
0 33
0 28
1 5
1 13
2 32
3 23
4 23
4 9
5 16
5 13
6 33
6 7
7 32
7 30
8 25
8 29
8 31
8 30
9 21
9 10
10 27
10 24
11 32
12 13
12 26
12 21
14 34
14 24
15 27
17 27
18 32
19 28
19 30
20 33
21 23
22 31
22 30
24 33
30 35

37
0 19
0 32
0 5
1 7
1 29
1 9
1 21
2 3
2 14
2 18
2 31
4 35
5 34
5 12
6 12
7 29
8 10
8 24
8 9
8 25
8 26
9 21
11 16
11 21
12 33
13 15
13 18
17 30
17 35
20 23
22 32
22 23
23 36
25 35
26 32
27 28
27 36
31 32
31 35
33 36

38
0 32
0 26
0 24
0 25
1 22
1 4
1 37
2 15
2 18
3 17
3 11
4 12
5 9
5 14
5 36
5 12
5 30
6 33
7 34
7 29
7 21
8 11
8 13
8 21
8 36
9 11
10 21
13 23
13 35
14 30
14 33
15 27
16 36
17 20
18 26
19 31
19 23
24 28
25 32
26 35
28 29

39
0 25
0 29
0 18
1 13
1 3
1 27
2 24
2 27
2 16
3 20
4 36
4 24
5 32
5 16
6 28
6 17
6 16
6 10
6 19
7 28
8 9
8 17
10 15
11 32
12 31
14 36
15 34
16 19
16 22
17 30
18 26
21 26
22 32
23 28
26 31
26 37
27 37
28 30
29 37
32 35
33 34
34 38

30
0 2
0 8
1 20
1 21
1 27
2 19
2 12
2 28
3 10
3 14
3 15
4 18
4 27
5 28
6 16
7 24
7 16
8 13
8 26
9 23
9 29
11 14
11 27
12 22
14 15
14 25
16 27
17 20
21 27
21 29
22 26
24 25
26 27

31
0 6
1 2
1 16
3 13
4 21
4 9
5 16
6 24
6 20
7 27
8 14
8 30
9 20
9 30
9 28
10 12
10 22
11 15
12 22
12 18
12 17
13 23
13 15
13 25
14 28
15 27
15 18
15 25
16 17
17 18
18 19
18 29
25 30
26 30

32
0 1
0 28
1 25
2 28
2 4
3 22
3 14
3 27
4 17
5 6
5 26
5 21
6 18
7 17
7 14
8 26
8 22
9 10
9 13
9 21
11 31
12 16
15 24
15 18
16 25
17 25
17 20
18 30
19 23
20 26
21 26
23 28
27 29
27 31
29 31

33
0 15
1 22
1 28
2 15
3 26
3 18
4 27
4 29
5 27
5 29
6 14
6 17
6 23
6 30
7 21
7 31
7 22
7 29
8 14
9 14
10 24
11 19
11 20
11 23
12 26
13 28
14 30
15 17
15 23
16 25
17 24
18 32
20 29
20 28
22 25
23 26

34
0 12
0 14
1 22
1 2
2 26
3 21
3 31
3 11
4 7
5 32
5 10
6 8
7 31
7 26
8 18
9 18
9 27
10 24
10 16
11 30
12 23
13 15
13 26
13 22
13 29
14 28
15 20
16 26
16 19
17 22
18 27
19 23
20 29
22 25
23 30
27 30
28 33

35
0 19
1 8
1 11
1 2
2 33
3 20
3 6
4 10
4 17
4 30
5 21
5 34
6 12
6 23
6 32
7 18
9 19
9 25
9 33
9 34
11 28
12 18
13 24
14 19
15 32
15 30
16 31
17 30
17 26
19 25
21 26
22 27
23 31
24 28
27 29
28 33
29 30
31 32

36
0 9
0 7
1 3
1 7
1 22
1 25
2 19
2 13
2 8
4 33
5 30
6 7
6 25
8 28
9 21
10 34
10 31
11 15
12 18
12 32
12 29
13 30
14 28
15 29
16 30
17 26
17 30
18 29
19 32
20 34
20 31
22 33
23 24
23 27
23 25
23 29
28 35
30 32
30 31

37
0 12
0 18
0 8
0 24
1 3
1 24
1 23
2 15
2 31
3 19
3 26
4 35
4 9
5 16
5 32
6 29
7 10
7 27
7 33
8 34
8 33
9 32
10 25
11 36
13 14
14 20
14 24
15 26
15 30
16 17
16 21
19 31
20 22
20 25
21 29
23 28
23 24
27 32
28 36
32 35

38
0 7
1 31
2 33
2 35
3 12
3 6
4 29
4 12
5 17
5 11
5 6
5 12
6 25
6 35
7 28
8 22
8 15
8 35
9 16
9 36
10 19
10 21
10 36
11 27
13 20
14 31
15 30
16 33
18 26
19 24
20 26
21 31
23 32
24 36
26 34
26 37
28 33
30 35
32 37
35 37
36 37

39
0 36
1 8
1 31
2 38
3 20
4 21
5 8
6 27
6 30
7 35
7 30
8 34
9 30
10 27
10 21
11 14
11 26
11 16
12 27
13 23
13 32
14 17
14 22
15 18
16 30
16 22
18 20
18 37
19 24
21 25
21 30
22 36
24 38
28 32
28 34
29 35
30 31
30 35
31 34
33 36
36 38
37 38

30
0 23
1 17
1 6
2 6
2 5
3 22
3 21
4 9
4 10
5 18
5 25
6 17
7 13
8 24
8 20
10 12
10 23
11 23
11 27
12 29
13 26
13 19
14 15
14 29
15 23
16 28
16 26
18 20
19 29
21 25
23 27
25 27
28 29

31
0 16
0 6
1 24
2 22
3 27
3 21
4 7
4 6
4 11
4 29
5 29
6 17
6 18
8 13
8 14
8 21
8 25
8 11
9 15
10 30
11 28
11 27
12 20
12 26
13 26
15 29
15 16
17 18
19 26
19 24
22 24
22 23
23 30
25 30

32
0 11
0 8
1 15
1 28
1 18
2 13
2 24
3 12
3 20
4 8
4 27
5 14
6 7
6 13
7 9
9 22
10 29
11 25
12 21
12 20
14 30
14 31
15 19
15 29
16 30
17 26
17 18
18 26
18 29
19 24
20 22
23 30
23 25
27 28
28 31

33
0 30
0 5
0 17
0 3
0 23
1 24
2 11
2 25
3 18
3 9
3 10
4 13
5 23
5 26
5 22
5 31
6 11
7 29
7 26
8 19
9 28
10 21
10 25
10 17
11 21
12 27
12 22
13 19
14 18
15 19
16 30
17 20
19 20
20 24
20 32
27 31

34
0 8
0 12
0 30
1 2
2 7
2 13
2 22
2 31
3 20
3 11
4 5
4 31
4 33
4 13
6 11
7 28
9 24
9 14
9 16
10 18
11 23
11 16
11 33
14 30
14 26
15 26
17 31
18 21
18 19
19 26
19 23
20 27
22 28
25 32
25 26
27 33
29 33

35
0 1
0 21
1 7
2 5
2 8
2 12
3 12
3 33
4 25
4 19
5 25
6 15
7 16
9 26
9 14
10 20
10 30
11 30
13 26
13 30
14 24
14 30
14 31
15 31
16 21
16 17
17 30
18 24
19 32
20 27
21 29
22 29
23 29
28 32
28 34
31 34
31 32
32 33

36
0 28
0 24
1 2
2 31
2 32
2 24
3 7
4 12
4 18
5 23
5 26
5 29
6 25
6 23
7 24
8 30
9 24
10 16
10 30
11 21
11 28
12 27
13 24
13 35
14 15
14 25
16 28
17 20
17 18
18 34
19 23
19 26
22 29
22 28
22 34
24 34
27 34
28 30
28 33

37
0 18
0 4
1 23
1 19
1 3
1 30
2 6
2 3
3 31
3 32
3 23
4 7
4 19
4 27
4 36
5 12
6 12
7 30
8 29
8 26
9 25
10 15
11 24
11 12
12 28
13 32
14 16
14 30
15 26
15 31
16 20
17 33
17 30
18 21
21 22
22 27
24 34
25 36
27 35
28 31

38
0 31
1 8
1 2
1 37
1 7
2 7
3 9
4 35
5 14
6 11
6 33
6 37
7 12
7 26
8 27
9 36
9 33
10 21
10 33
13 26
13 16
14 19
14 26
15 16
16 20
17 18
18 23
19 35
20 25
22 28
22 34
23 27
24 31
24 28
25 29
27 28
29 32
29 35
30 33
33 34
33 36

39
0 31
0 33
1 4
2 12
2 13
2 8
2 9
3 33
3 16
4 28
4 38
5 25
5 15
5 38
6 14
7 29
7 15
8 11
8 29
9 30
10 14
11 13
12 18
14 17
14 16
15 20
15 26
16 24
16 31
16 34
16 22
16 19
18 30
18 32
19 38
21 28
22 35
23 25
26 29
27 36
35 36
37 38

