15
0 5
0 11
1 5
1 9
1 11
2 4
2 9
3 7
3 8
3 10
4 9
6 11
6 12
8 10
8 9
8 13
9 13
11 12
11 14

16
0 6
0 11
1 11
1 13
1 10
2 5
3 8
3 10
4 12
4 7
4 14
4 9
5 11
5 6
7 8
8 10
8 12
9 15
10 13
14 15

17
0 6
0 10
1 4
2 15
2 13
3 10
3 13
4 16
4 13
5 7
5 11
5 12
7 12
8 11
8 9
8 10
9 14
10 13
10 11
13 16
13 15

18
0 5
0 9
1 13
1 6
2 11
2 9
3 8
3 10
4 5
5 9
6 13
6 11
7 17
8 10
8 12
8 13
8 15
9 11
11 14
11 16
12 15
16 17

19
0 12
0 15
1 17
1 4
2 8
3 4
3 11
4 11
4 17
5 14
5 11
5 7
6 8
6 18
6 10
7 10
7 16
7 8
7 11
9 15
9 18
10 13
12 18

15
0 5
0 3
0 11
0 7
1 3
1 4
2 13
2 11
3 4
3 8
4 9
5 7
6 13
6 10
6 14
8 12
8 11
10 14
11 13

16
0 8
1 14
2 13
2 12
2 3
2 9
3 4
3 6
3 12
5 11
5 12
7 14
8 14
8 15
9 13
10 15
10 11
11 12
11 15
14 15

17
0 5
0 4
1 12
2 10
2 6
3 9
3 12
3 8
3 5
4 7
5 11
5 8
5 15
5 14
5 7
6 10
7 16
9 12
10 13
10 14
10 15

18
0 4
0 5
0 8
0 3
0 17
0 14
0 2
1 15
1 12
2 4
3 13
3 7
3 16
5 8
6 14
7 12
7 9
9 13
10 14
10 16
11 14
12 15

19
0 12
1 11
1 7
2 3
2 17
3 17
4 16
4 18
4 11
5 14
5 13
6 13
6 10
7 9
7 12
8 11
8 17
8 18
10 14
10 15
10 11
11 12
11 15

15
0 6
0 9
0 4
0 11
1 8
1 4
2 4
3 9
4 8
4 11
4 12
4 5
5 12
6 10
7 13
9 10
12 13
12 14
13 14

16
0 4
0 9
1 5
1 2
2 5
2 14
2 3
2 15
3 8
3 13
3 15
3 6
4 10
4 11
4 7
6 13
7 9
9 12
10 11
12 14

17
0 11
0 6
0 3
1 8
1 12
1 16
1 7
1 13
1 5
2 14
2 11
3 6
4 11
5 9
6 7
7 15
7 12
8 13
9 10
9 16
11 14

18
0 12
0 10
1 7
1 4
1 16
1 5
2 6
2 15
3 14
3 4
4 8
4 10
4 12
5 7
6 15
6 16
6 13
6 8
9 13
9 17
9 11
11 13

19
0 17
0 4
1 9
1 13
2 12
2 18
3 13
3 7
4 17
5 13
6 10
6 8
7 12
7 15
8 16
9 11
10 16
11 13
12 16
13 15
14 16
14 17
17 18

15
0 11
0 1
0 8
1 13
1 12
2 10
2 12
3 5
3 14
4 7
4 9
4 12
5 12
5 7
5 14
6 13
6 12
8 11
10 12

16
0 11
0 1
0 6
0 5
1 12
1 11
2 3
2 14
3 14
4 10
4 6
4 14
4 7
4 9
5 6
6 9
7 8
7 13
13 14
13 15

17
0 7
1 16
1 3
2 12
2 15
2 14
3 5
3 4
3 6
4 7
4 13
4 15
5 8
6 9
6 16
6 10
7 11
8 15
9 10
11 13
12 14

18
0 11
0 9
1 6
1 9
2 7
2 17
3 11
3 6
4 16
4 8
5 9
5 17
7 14
8 12
8 13
8 16
9 15
10 13
10 14
13 14
14 17
15 17

19
0 14
1 3
1 5
1 13
1 18
1 11
2 4
4 6
4 17
5 13
6 7
6 8
7 8
9 15
10 17
10 12
11 18
12 14
12 15
12 17
12 13
13 16
15 16

15
0 9
0 14
1 10
1 6
2 11
2 12
2 4
2 5
2 7
2 3
3 12
4 13
4 8
5 7
6 7
7 10
8 13
9 10
9 14

16
0 10
0 11
0 5
1 2
1 6
2 3
2 4
2 5
3 5
4 6
5 7
7 10
8 12
8 15
9 13
9 12
11 14
11 12
12 13
12 14

17
0 4
0 8
1 12
1 14
2 14
2 11
3 5
3 15
4 7
4 8
5 11
6 15
8 9
8 13
9 13
10 11
10 12
11 15
13 16
13 15
15 16

18
0 7
1 4
2 8
2 3
3 17
4 7
5 6
5 7
6 7
7 14
7 15
7 13
8 11
8 15
8 17
9 10
9 11
10 11
11 16
12 13
12 14
15 16

19
0 12
0 9
1 15
1 11
1 16
1 3
2 14
2 17
2 3
3 17
3 15
4 12
4 13
5 10
6 11
6 8
6 18
7 15
8 18
9 13
10 15
11 13
11 16

15
0 1
0 2
0 14
0 12
1 14
2 4
2 12
3 12
3 9
5 11
5 9
6 8
7 12
8 14
8 10
9 12
9 11
10 13
13 14

16
0 4
0 6
0 1
0 15
0 2
1 8
1 12
1 15
2 4
3 8
5 7
5 8
7 8
8 9
9 12
10 15
10 11
11 14
11 15
13 15

17
0 8
0 12
0 6
0 4
1 9
1 2
2 11
3 13
3 15
4 12
5 7
5 11
5 16
6 14
7 14
7 10
9 11
10 13
10 14
11 16
13 15

18
0 14
0 10
1 17
1 8
2 12
2 4
3 10
3 6
3 8
4 13
4 9
5 15
5 14
6 8
7 16
7 11
8 11
9 12
11 16
11 17
13 15
14 15

19
0 7
1 13
1 3
2 12
3 13
3 14
4 10
4 7
4 15
4 17
5 11
5 16
5 18
6 13
7 8
7 15
7 18
9 12
9 11
10 17
11 14
12 14
16 18

15
0 7
0 2
1 13
1 5
2 12
2 9
2 14
2 7
3 11
4 5
4 8
5 8
5 9
6 11
6 9
7 10
9 11
9 13
12 14

16
0 4
0 7
0 1
0 2
1 6
1 4
1 14
2 9
3 9
3 10
5 11
5 7
6 14
7 11
7 9
8 12
8 14
9 10
10 15
13 14

17
0 4
0 16
1 8
1 3
1 6
2 6
2 12
2 15
3 6
4 16
5 13
6 15
7 9
7 16
9 11
9 14
10 11
10 15
11 15
12 13
14 16

18
0 2
0 12
1 3
2 9
2 11
2 13
3 17
3 12
4 8
5 11
6 13
7 10
7 17
8 15
8 17
9 13
11 14
11 16
11 12
12 17
14 16
15 17

19
0 8
1 10
1 7
2 16
3 16
3 11
3 18
3 14
4 8
4 17
5 15
6 9
6 10
7 15
7 11
8 17
8 9
9 10
10 11
11 13
11 18
12 14
12 16

15
0 1
0 11
0 5
0 13
1 5
2 3
2 7
3 7
4 8
4 10
4 6
5 7
5 6
6 10
6 7
9 11
9 13
12 14
13 14

16
0 6
0 3
1 4
1 9
1 10
1 7
1 12
2 8
2 12
3 6
4 12
5 6
5 13
5 8
7 11
7 14
9 10
11 14
12 15
12 13

17
0 3
0 12
0 13
1 16
1 13
2 7
2 15
2 6
2 11
3 12
4 14
4 15
5 9
5 10
6 12
8 13
8 16
9 15
10 15
11 12
14 15

18
0 16
1 8
1 14
2 14
2 15
2 7
3 13
3 10
3 5
4 5
4 16
5 16
5 13
6 15
6 9
7 9
7 17
8 14
10 14
10 12
11 14
12 14

19
0 17
0 14
1 13
1 14
2 13
2 10
3 4
3 6
4 8
5 16
6 13
7 16
7 11
8 15
9 16
10 12
11 14
11 13
11 16
12 18
13 15
13 18
14 17

15
0 12
0 3
1 4
2 8
2 11
3 4
3 5
3 12
4 5
5 13
5 14
6 10
6 12
7 14
8 12
9 14
9 13
10 12
11 12

16
0 14
0 10
1 8
1 3
2 4
2 8
3 11
3 8
3 5
4 8
5 15
5 14
6 7
6 15
8 9
8 13
8 12
10 14
12 13
14 15

17
0 9
0 12
1 8
1 4
1 6
1 11
2 15
2 6
3 13
3 4
4 13
4 8
5 7
5 16
6 12
6 14
7 11
10 11
11 16
11 15
12 14

18
0 12
0 17
1 17
1 4
2 11
2 6
2 15
3 14
4 8
5 6
5 8
6 10
6 7
6 16
6 13
7 13
8 14
8 16
8 17
9 11
11 15
12 17

19
0 10
0 9
0 8
1 8
1 2
2 15
2 4
3 9
3 8
4 5
4 18
4 11
4 7
5 6
5 14
6 14
7 18
9 17
10 16
11 15
12 13
12 17
13 17

15
0 4
0 11
1 12
1 14
2 8
2 10
3 9
3 11
3 14
4 14
5 13
5 7
6 9
6 8
7 12
7 13
7 14
8 10
8 9

16
0 13
0 6
1 6
1 14
1 10
1 15
2 3
3 4
3 5
3 12
3 13
4 12
6 13
6 14
7 10
7 15
8 10
9 14
9 11
11 14

17
0 3
1 4
1 10
1 14
1 6
2 16
3 15
4 6
4 7
4 9
5 13
7 9
8 12
8 10
10 14
10 13
10 16
10 12
11 15
11 12
13 16

18
0 12
0 17
1 15
1 10
1 12
1 11
1 2
2 4
2 12
3 13
3 6
5 7
5 16
6 11
6 8
7 9
8 16
8 11
8 9
10 14
10 11
12 17

19
0 1
0 13
1 6
1 13
1 17
2 5
2 10
2 8
2 12
3 8
4 9
5 8
6 15
7 14
7 9
7 16
8 11
9 12
9 17
9 18
12 16
15 17
17 18

