30
0 16
0 18
1 24
1 4
2 10
2 15
3 7
3 9
4 19
4 24
4 9
5 13
5 14
6 28
6 15
8 20
8 11
9 11
9 14
9 27
9 25
11 20
12 21
13 22
15 26
16 21
17 27
18 29
19 25
19 23
21 26
22 27
23 28
26 29

31
0 9
0 23
0 16
0 25
1 16
1 30
2 7
2 5
2 27
3 10
3 28
3 15
4 20
4 8
5 14
5 18
5 27
5 12
6 7
8 29
8 23
9 21
10 12
11 17
12 14
13 17
13 19
15 21
16 20
18 24
19 28
22 29
22 26
25 28
26 29

32
0 16
0 31
1 23
1 14
2 26
3 24
4 9
5 18
5 25
6 7
6 29
6 14
6 17
7 17
7 8
7 26
8 25
9 22
9 21
10 15
10 27
10 12
11 24
11 20
12 28
13 22
14 28
14 16
16 23
19 29
19 28
20 24
21 23
22 23
24 27
27 30

33
0 28
0 25
1 14
2 3
2 7
2 29
2 5
2 25
4 15
4 18
4 26
4 9
4 32
4 12
4 28
4 6
5 13
5 31
6 32
7 11
8 9
9 17
9 25
9 19
10 14
10 23
10 19
11 21
11 31
12 15
13 20
16 31
17 19
22 29
24 28
25 27
30 32

34
0 1
0 19
2 25
2 30
2 31
2 16
3 15
3 11
4 17
4 11
5 16
5 31
6 28
6 10
7 19
8 15
8 14
9 22
9 13
9 33
10 24
10 28
11 18
11 16
11 22
12 20
12 14
13 16
14 21
14 23
15 29
16 27
18 23
19 26
24 26
24 32
25 30
29 32

35
0 13
0 14
0 25
0 10
1 25
2 27
2 18
2 26
2 34
3 10
3 19
3 24
4 15
4 20
4 29
4 24
4 26
5 13
5 10
6 26
7 18
7 27
8 24
8 10
9 17
11 26
12 28
15 21
16 17
17 21
17 31
17 29
18 32
19 33
21 23
22 33
24 28
24 30
26 30

36
0 24
0 27
1 33
1 35
2 9
2 33
2 6
3 12
3 25
4 13
4 23
4 8
5 14
5 19
5 20
5 30
5 13
6 28
6 15
6 34
6 33
7 12
7 30
8 13
10 13
11 21
13 25
15 32
16 21
17 31
18 29
18 22
21 29
22 29
23 34
26 27
27 28
28 29
29 32
31 33

37
0 2
0 23
0 14
0 7
1 27
1 17
2 24
3 13
3 7
3 36
3 4
4 16
5 25
5 14
6 32
8 12
8 30
9 20
9 23
10 22
10 18
11 18
14 26
14 34
14 33
15 21
15 31
15 23
16 35
17 27
17 32
17 35
18 31
18 22
18 20
19 30
19 27
21 28
26 29
26 34
33 35

38
0 8
0 18
0 33
0 27
1 17
1 35
2 34
3 21
4 15
4 9
5 27
6 32
7 12
7 23
7 14
8 33
9 26
9 31
10 36
10 16
11 36
13 35
13 14
14 20
15 21
15 29
15 22
16 24
16 36
16 22
17 19
18 32
19 35
20 32
20 29
21 28
22 31
24 30
25 37
26 37
27 34
27 28

39
0 4
0 8
0 31
0 35
1 22
2 16
2 31
2 27
3 38
5 36
5 10
5 18
6 32
6 18
7 17
7 29
7 34
9 33
9 12
10 25
10 11
11 21
11 14
12 22
13 28
13 30
13 32
14 36
15 37
15 21
16 23
17 35
18 19
19 38
20 35
22 31
24 27
26 36
27 35
30 34
30 35
30 38
31 33

30
0 24
0 27
0 15
1 6
1 13
1 25
2 17
2 9
3 10
3 29
4 16
4 29
5 26
5 22
7 19
7 25
8 28
8 16
9 26
9 18
10 14
11 12
12 25
12 19
13 27
14 23
15 23
15 25
15 29
17 18
20 22
21 22
22 23
28 29

31
0 20
0 4
0 5
1 28
1 9
1 15
1 19
2 21
3 11
3 25
4 8
4 14
5 29
5 9
6 13
6 26
7 29
8 10
8 14
8 16
11 25
12 23
13 27
15 26
15 30
15 27
16 24
17 23
18 21
18 25
19 22
21 22
23 27
25 29
28 30

32
0 21
0 24
0 31
1 29
2 20
2 8
3 22
3 24
3 28
4 16
4 28
5 16
6 28
6 12
6 22
7 31
8 20
9 29
9 28
10 20
11 15
12 14
12 13
12 25
13 20
14 23
15 16
16 17
16 27
16 29
17 27
18 23
19 26
20 26
23 30
25 30

33
0 24
0 25
0 15
1 32
1 28
2 12
3 8
3 28
4 15
4 13
5 20
5 14
6 7
7 8
8 17
8 23
9 12
10 27
10 16
11 14
12 15
13 16
13 32
14 22
14 18
14 31
15 27
16 29
16 19
17 23
18 32
19 30
20 31
21 26
21 32
26 32
28 32

34
0 4
0 2
0 5
0 8
1 25
1 32
1 10
2 21
2 14
3 7
4 14
5 13
5 27
6 10
6 25
7 9
7 20
8 11
8 29
8 10
8 31
8 9
10 30
12 30
15 33
16 19
17 24
17 18
17 33
18 26
19 28
19 33
20 24
22 31
22 33
23 28
27 30
28 33

35
0 29
0 4
1 24
1 19
2 4
2 31
2 22
2 29
3 20
3 33
3 22
4 11
5 13
6 13
6 22
6 10
7 23
7 34
8 26
8 21
9 34
10 31
12 26
14 19
14 17
15 32
15 23
16 30
17 18
17 25
17 23
17 30
17 33
19 24
19 27
21 22
22 23
25 30
27 28

36
0 23
0 14
1 9
1 24
1 21
2 20
2 35
2 25
3 15
3 4
3 30
3 34
3 5
3 6
3 10
4 7
4 16
4 17
5 17
6 15
8 31
8 34
9 25
10 32
11 28
11 16
12 16
13 21
13 20
14 15
17 24
18 21
19 24
20 29
22 26
22 27
24 27
24 33
26 27
30 32

37
0 31
1 25
1 15
2 30
2 33
3 9
3 28
3 12
4 34
4 20
5 6
6 7
6 22
8 18
9 18
10 16
10 12
11 26
11 28
12 21
12 23
12 17
13 35
13 24
14 15
15 20
15 22
17 21
18 27
18 33
18 32
19 29
19 33
22 30
22 34
22 29
23 32
24 26
26 31
31 35
32 36

38
0 5
0 21
0 22
0 11
0 4
1 31
1 30
2 16
2 15
3 22
4 32
5 9
5 13
6 25
6 16
6 17
6 34
7 10
7 16
8 32
8 11
11 14
11 36
12 33
15 30
15 35
16 34
17 20
17 25
18 34
19 23
19 34
22 28
22 29
22 24
24 35
26 36
26 37
27 34
29 33
30 33
36 37

39
0 2
0 21
0 24
0 29
0 17
1 33
1 26
3 16
4 14
4 33
5 16
6 15
6 35
6 14
7 23
8 24
8 29
9 30
9 31
9 10
10 19
10 32
10 31
10 13
11 14
12 25
12 33
13 27
16 26
17 21
18 36
18 30
19 29
20 35
21 23
22 38
22 32
25 37
26 38
27 35
28 35
30 34
34 36

30
0 25
0 9
1 3
1 11
1 22
1 24
2 16
2 10
2 29
4 26
4 28
4 7
5 8
6 21
6 20
7 26
8 14
8 9
9 29
10 20
10 12
10 29
12 27
12 19
13 17
13 24
13 21
14 25
15 21
17 28
18 20
19 21
21 28
23 29

31
0 8
0 27
1 23
1 24
1 9
2 21
2 4
3 27
3 29
4 27
4 7
5 20
5 22
6 28
7 16
7 19
7 27
9 15
10 30
11 29
12 26
12 22
13 22
13 20
13 30
14 28
14 25
15 25
15 26
15 28
17 19
18 25
20 29
24 26
27 29

32
0 5
0 3
1 10
1 6
1 27
1 28
1 13
2 18
2 26
2 30
2 22
2 7
3 4
4 5
4 26
5 15
6 24
7 23
7 16
7 11
8 22
9 12
11 13
12 16
12 13
13 17
14 15
17 28
17 31
19 27
20 31
21 24
22 23
23 29
24 27
25 30

33
0 10
1 14
1 31
1 30
2 19
2 23
2 18
3 31
4 26
4 25
5 15
5 29
5 9
6 17
7 25
7 32
8 17
8 16
9 11
9 21
9 22
9 16
10 13
10 28
11 29
12 31
13 28
14 28
15 18
16 27
19 24
20 27
20 26
21 25
23 24
27 30
28 31

34
0 1
0 2
0 33
0 28
1 22
2 21
2 4
2 19
3 15
4 22
5 6
5 19
6 11
7 23
8 20
8 28
8 16
9 25
10 32
10 15
12 23
12 24
13 26
13 28
14 30
15 30
16 25
16 33
17 32
18 24
18 31
19 30
19 21
24 31
24 26
27 29
27 33
29 33

35
0 24
0 11
1 23
1 11
2 32
2 27
3 19
3 12
4 28
4 22
5 21
5 7
5 34
6 27
7 16
7 9
8 14
8 10
9 15
9 10
10 14
10 33
11 20
11 15
11 23
12 18
13 29
15 26
17 29
17 26
18 26
19 29
20 25
22 23
24 30
24 33
26 31
27 31
31 32

36
0 3
1 17
1 30
2 27
3 23
4 9
4 31
5 14
5 12
5 23
6 23
7 10
8 16
8 32
8 30
9 29
9 24
10 12
10 19
11 13
11 21
12 27
12 30
12 25
13 28
13 19
14 23
14 33
15 19
17 34
18 20
20 31
20 28
21 34
22 32
24 31
25 27
26 30
26 35
32 35

37
0 31
0 24
1 13
2 7
2 33
2 34
3 12
3 20
4 12
4 22
5 24
5 18
6 26
6 14
6 30
7 34
8 18
8 15
9 25
9 10
9 30
9 28
10 18
11 29
11 21
11 27
12 22
12 27
13 27
14 35
14 23
15 18
16 36
17 19
17 36
20 28
20 21
23 24
27 36
28 32
33 35

38
0 20
1 6
2 6
2 4
2 33
3 7
3 14
3 10
3 33
3 8
4 29
5 16
5 22
8 19
8 24
8 16
9 35
9 10
11 16
12 26
12 34
13 34
15 27
17 34
17 37
17 32
18 24
18 22
19 27
20 23
21 28
21 31
22 31
23 29
23 36
25 35
26 30
26 31
26 34
28 31
32 34
33 36

39
0 21
1 24
1 30
1 33
2 33
3 8
3 4
4 32
4 30
5 23
5 28
6 26
6 36
7 16
9 15
9 30
9 31
10 14
10 37
11 23
12 27
13 28
15 19
15 26
16 33
17 31
17 38
17 22
18 25
18 29
19 20
21 34
21 25
22 25
25 29
25 31
26 28
26 36
27 33
27 31
30 35
30 32
34 37

30
0 23
0 19
0 25
1 7
1 9
1 21
1 27
2 9
3 5
3 21
3 16
4 15
5 12
6 9
6 13
7 24
8 25
9 27
9 13
10 22
10 13
11 14
13 15
13 28
14 17
14 19
15 22
16 29
17 19
18 20
18 19
18 24
21 25
26 27

31
0 12
0 26
0 20
1 20
2 26
3 20
3 9
4 7
4 13
5 19
6 21
7 13
8 13
8 16
8 27
9 30
10 17
10 19
11 28
11 25
11 14
14 18
14 20
15 27
16 26
17 29
19 25
19 23
20 25
21 27
21 26
22 27
23 24
24 29
26 30

32
0 2
1 24
1 31
2 10
2 17
3 5
3 21
3 11
4 5
5 9
5 25
5 20
6 25
7 19
8 14
8 26
10 22
11 20
12 15
12 22
12 27
12 16
12 26
13 19
16 17
17 29
18 27
19 30
19 31
20 31
20 24
21 28
21 23
23 29
23 28
26 27

33
0 24
1 4
1 10
2 16
2 13
3 15
3 13
4 24
4 31
5 18
5 27
5 15
6 18
7 25
7 30
8 27
9 30
9 17
10 24
11 22
12 25
13 28
13 17
13 26
14 25
14 30
17 31
17 28
19 28
20 21
20 31
22 26
23 32
26 32
26 27
29 30
30 31

34
0 16
0 10
1 18
1 17
2 13
3 26
4 33
5 10
6 32
6 29
7 12
7 28
7 23
8 9
8 30
8 16
9 26
9 16
10 16
11 23
11 28
13 24
13 18
14 15
14 21
14 17
16 28
17 31
17 32
17 19
18 22
19 25
20 27
20 23
20 21
22 29
23 25
32 33

35
0 20
1 6
1 31
1 16
1 25
2 17
3 33
4 31
5 12
5 28
7 11
8 14
8 29
9 15
9 23
9 24
9 16
10 14
10 22
11 24
13 17
15 16
16 22
17 19
17 23
18 28
18 30
18 22
19 27
20 22
21 27
21 23
22 29
24 33
25 30
25 32
25 26
26 32
32 34

36
0 15
0 35
1 25
1 28
2 16
2 9
3 34
3 10
4 12
5 20
5 29
5 10
6 18
7 23
7 20
8 33
8 19
9 19
9 24
10 24
10 26
10 17
11 14
11 26
11 35
12 27
13 31
13 26
15 28
16 17
18 21
18 27
18 25
21 25
22 23
26 30
26 35
26 32
30 31
32 34

37
0 30
0 7
0 11
1 5
2 23
3 27
4 26
4 17
5 32
5 26
6 22
7 22
8 12
8 17
9 15
9 10
9 32
10 25
11 20
13 30
14 18
14 30
15 29
16 32
16 26
17 21
17 23
18 19
18 30
20 33
20 35
21 26
22 34
23 33
24 31
24 25
25 29
27 28
27 30
28 35
28 36

38
0 21
0 18
1 31
2 23
3 23
3 35
3 25
4 10
5 36
5 19
6 36
7 15
7 36
8 28
9 16
10 35
10 30
10 37
10 28
11 13
11 24
11 33
12 14
12 34
13 26
14 32
14 34
14 24
16 30
17 33
18 28
18 27
18 35
19 33
20 31
20 21
22 25
25 35
26 30
27 29
30 33
33 36

39
0 19
0 18
0 12
1 16
1 21
1 17
1 15
2 30
2 12
3 29
3 25
4 22
4 14
5 25
5 14
6 26
7 37
7 8
7 27
8 10
9 17
9 12
9 38
10 27
10 23
10 11
11 31
11 18
12 32
12 34
13 28
13 16
14 19
15 21
18 34
20 28
22 26
23 35
24 29
26 29
28 30
31 33
36 37

30
0 10
0 19
1 3
1 29
2 20
2 15
2 11
4 19
4 6
5 21
6 9
6 28
7 15
7 28
7 29
8 16
9 19
10 18
10 19
11 20
12 27
12 16
13 27
13 28
14 28
16 25
16 27
17 21
17 22
17 28
20 24
22 29
23 25
25 26

31
0 14
0 18
0 11
0 27
0 28
1 8
1 7
1 22
2 3
2 15
3 6
4 26
5 16
5 27
5 28
6 9
6 15
7 19
10 19
11 15
11 23
12 13
12 26
12 24
13 22
17 21
17 26
18 20
19 22
20 23
23 25
24 28
24 29
26 29
28 30

32
0 31
1 15
1 7
2 21
2 23
3 24
3 21
4 16
4 26
5 24
5 21
6 18
6 17
7 12
8 19
9 28
10 17
10 23
11 23
11 29
11 22
12 26
12 13
13 16
13 28
13 21
13 14
14 21
18 20
19 30
20 30
20 23
22 29
24 27
25 27
29 31

33
0 23
0 28
1 10
1 8
1 11
2 8
2 23
3 19
4 11
4 13
4 10
5 24
5 13
5 16
6 22
6 24
7 29
8 18
8 15
9 17
9 23
11 31
12 21
12 32
13 27
13 30
13 32
14 24
15 19
16 30
17 20
17 26
19 23
21 29
25 27
25 29
26 28

34
0 18
0 9
1 13
2 7
2 20
3 20
4 26
4 32
4 29
5 16
6 17
6 11
6 27
7 24
8 31
9 16
9 33
9 31
10 22
11 29
12 30
12 29
13 14
13 22
13 18
14 22
15 17
19 21
19 23
19 22
20 24
22 27
23 29
24 30
24 28
25 31
25 33
28 32

35
0 1
0 7
1 29
2 30
2 20
3 21
3 34
4 22
4 25
4 13
5 30
6 13
7 23
8 31
8 9
9 13
9 20
9 17
9 21
9 23
9 18
10 34
10 16
11 12
11 30
13 14
13 16
15 19
16 19
16 24
17 28
18 26
18 28
19 24
22 25
23 30
27 30
28 33
30 32

36
0 2
0 3
1 18
1 24
2 4
3 17
3 10
3 25
4 32
5 26
5 29
6 24
7 22
7 16
8 34
8 11
9 25
9 21
9 17
10 33
11 24
12 19
12 16
13 15
13 14
13 21
14 27
16 28
18 23
18 28
20 29
21 35
22 29
24 30
24 28
24 34
25 31
25 29
26 28
29 31

37
0 17
0 31
0 3
1 2
2 30
2 12
3 18
4 22
5 10
5 24
5 35
6 16
6 27
6 29
6 9
7 9
7 21
7 35
7 18
8 24
8 26
9 26
9 28
11 36
12 19
12 34
12 35
12 36
13 20
13 27
14 17
15 19
16 27
18 32
18 21
22 33
22 35
23 32
25 34
30 33
31 32

38
0 27
0 5
1 19
1 27
1 7
2 20
3 9
3 21
3 23
4 12
4 37
5 6
6 35
7 35
8 16
8 12
8 17
9 35
10 15
10 22
11 33
12 25
13 14
13 20
13 25
14 28
15 17
16 22
18 35
18 23
18 20
20 30
22 33
23 29
23 34
24 34
24 29
25 30
26 37
29 36
31 35
32 34

39
0 8
0 32
1 17
1 20
2 37
2 20
2 11
3 5
3 18
3 35
4 21
4 22
5 35
6 13
7 24
7 33
7 35
8 26
9 19
9 30
9 32
9 31
10 27
11 34
12 33
12 15
13 24
13 22
14 21
15 27
16 25
16 29
18 23
18 28
20 29
20 34
20 23
22 24
23 31
26 31
27 35
28 38
34 36

