40
0 21
0 35
1 28
1 15
2 39
3 33
3 26
4 36
4 23
5 15
6 33
7 37
8 25
9 35
10 14
10 39
11 35
12 32
12 29
12 38
12 23
12 26
13 24
14 19
15 16
15 19
17 27
17 35
17 30
17 19
17 37
18 23
18 32
19 30
19 39
20 23
22 32
23 39
24 38
25 37
25 34
26 29
30 31
34 35

41
0 19
0 28
1 36
1 40
2 32
3 10
4 40
5 34
5 38
6 24
7 37
7 13
7 30
8 12
8 28
9 30
9 32
9 20
9 36
10 25
11 32
12 23
12 19
13 36
14 39
15 17
15 38
16 26
16 25
17 38
18 38
18 21
20 24
20 38
21 39
21 34
22 29
22 24
23 33
25 29
26 28
27 34
28 29
31 39
35 39

42
0 39
1 17
1 11
1 4
1 15
2 23
2 13
2 36
3 22
4 30
4 18
4 13
5 28
5 16
5 10
6 16
7 19
7 21
8 29
8 12
9 27
10 37
11 33
12 19
12 29
13 32
14 27
14 33
15 24
16 39
16 25
17 24
18 41
18 30
19 31
20 25
21 26
22 23
25 35
25 28
26 36
27 36
29 37
34 37
37 40
38 41

43
0 17
0 30
0 26
1 19
2 35
2 10
2 20
2 29
3 32
3 35
3 41
4 35
5 42
6 34
6 28
7 20
7 25
8 26
9 38
9 25
10 41
11 22
12 36
12 38
13 40
13 18
14 16
14 27
15 19
16 27
18 30
18 39
18 19
18 27
19 24
19 31
20 22
20 29
20 33
21 27
21 42
23 28
23 26
23 31
25 26
27 39
37 40

44
0 3
0 8
1 18
1 8
2 23
2 30
4 34
5 42
6 20
6 37
6 18
7 37
7 9
8 37
8 39
8 40
9 21
10 30
10 35
11 38
11 37
12 29
13 15
14 36
14 31
15 43
15 32
16 41
16 30
17 29
18 29
18 33
18 36
19 34
19 28
21 37
22 26
22 25
23 28
24 41
25 42
25 40
27 40
27 43
29 31
32 42
33 35
34 41

45
0 8
0 37
0 2
1 4
2 33
2 40
2 43
2 10
3 6
4 27
4 11
5 35
5 39
5 41
5 42
5 38
6 12
7 31
7 22
8 13
8 15
9 24
10 19
11 25
12 19
14 32
14 20
14 29
15 40
16 34
16 36
16 31
17 28
17 38
17 44
17 22
18 26
18 38
19 43
19 23
20 29
20 36
20 31
21 26
22 26
23 36
24 37
25 28
30 37

46
0 23
0 44
1 20
1 24
1 16
2 33
2 35
3 36
3 38
3 11
3 8
4 37
4 7
5 9
5 28
6 21
7 28
8 18
9 15
9 35
10 30
10 37
11 12
11 21
11 40
13 32
13 21
14 27
15 26
16 34
17 18
18 39
18 26
18 27
19 25
21 25
22 32
22 25
23 34
24 26
25 42
26 34
27 41
28 30
28 29
29 38
31 34
34 44
40 43
41 45

47
0 39
0 20
0 33
0 36
1 36
2 25
3 5
3 23
4 29
4 46
4 39
6 38
6 23
7 19
8 46
9 12
9 25
10 37
10 44
10 18
11 42
11 37
12 22
13 28
13 17
14 33
15 16
15 39
17 28
17 18
17 23
18 19
18 32
18 40
18 44
18 33
20 25
21 30
21 43
22 41
23 25
24 31
26 46
27 34
29 30
30 43
31 36
31 46
34 41
35 45
42 45

48
0 25
0 27
0 40
1 11
1 45
1 32
2 37
2 43
2 31
3 39
4 31
4 35
4 26
5 13
6 36
6 29
7 28
7 34
7 17
8 15
8 42
8 45
9 27
10 13
10 22
11 40
12 31
13 29
14 41
14 26
14 46
15 32
16 23
17 26
17 46
18 45
19 46
20 46
21 43
22 36
23 38
24 34
26 38
28 34
29 30
30 34
32 46
32 47
33 41
35 39
38 39
42 44

49
0 7
0 46
0 4
1 26
2 44
2 3
3 41
4 14
4 42
4 24
4 28
5 37
5 33
5 27
6 23
8 38
8 34
8 19
9 17
9 30
10 30
10 13
10 24
10 33
11 20
11 30
12 36
13 43
15 31
16 19
18 44
18 42
19 34
20 39
20 21
21 33
21 48
22 36
22 29
22 28
23 35
24 28
25 35
26 34
26 41
27 37
29 45
31 40
32 47
32 33
35 41
40 48
41 46

40
0 36
0 35
1 16
1 35
2 4
2 19
2 6
3 11
3 21
5 30
5 21
6 25
6 35
7 34
7 38
8 12
9 14
9 38
9 34
10 24
12 16
12 29
12 32
12 36
13 31
15 23
15 35
17 30
18 34
20 28
20 24
21 22
22 33
22 31
24 26
25 35
26 32
27 35
28 29
30 34
31 34
32 37
35 39
36 38

41
0 21
0 31
0 38
0 27
1 34
1 7
2 13
2 26
2 30
3 15
4 37
4 39
4 40
5 16
6 8
6 40
7 15
7 8
8 20
8 35
8 31
9 16
10 16
11 14
11 24
11 13
12 32
12 29
13 28
13 14
15 35
16 23
16 22
17 21
18 29
18 22
19 21
21 38
22 27
25 37
26 33
26 35
27 37
30 35
33 36

42
0 13
0 32
1 19
1 31
2 7
2 37
2 34
3 6
4 37
4 16
5 19
6 27
6 34
7 11
8 13
8 12
9 23
10 34
10 11
12 13
13 18
14 24
15 41
16 19
17 26
17 25
17 20
18 20
18 29
18 31
19 31
20 25
21 31
22 30
23 36
23 24
23 29
23 30
24 39
27 40
28 30
28 33
28 32
32 41
33 35
34 38

43
0 20
1 41
1 6
2 29
2 35
3 26
4 40
4 9
5 27
5 34
5 13
6 31
7 25
8 37
8 24
9 10
10 12
10 13
10 32
11 21
11 18
13 24
14 15
15 23
15 34
15 31
15 37
15 26
16 38
16 35
16 34
16 36
17 30
18 28
18 24
19 22
19 20
20 32
22 42
23 26
24 28
25 36
25 39
27 33
29 39
30 32
30 42

44
0 5
0 26
1 19
1 13
1 4
2 8
2 16
2 41
3 41
3 33
4 34
6 34
6 22
7 25
7 23
9 15
9 43
9 28
10 30
10 26
11 23
12 36
12 38
13 37
13 22
14 16
15 20
16 32
17 40
17 35
18 29
18 33
18 22
20 28
21 22
21 23
21 26
22 35
24 42
24 25
26 39
27 39
27 36
30 40
31 38
31 43
36 38
38 43

45
0 6
1 10
1 19
2 31
2 41
3 36
3 37
4 18
4 33
4 36
5 22
6 12
7 29
7 22
7 44
7 23
8 17
8 43
8 28
9 23
9 44
10 14
11 12
12 28
12 27
13 37
13 33
13 39
14 16
14 42
14 17
15 25
15 44
16 27
16 39
19 35
20 37
21 26
21 31
21 34
22 28
24 31
30 41
30 33
32 39
34 41
35 40
38 43
40 42

46
0 12
0 28
1 24
1 40
1 12
2 10
2 34
3 4
3 35
4 35
5 9
5 38
6 14
7 10
7 20
8 27
8 32
10 14
10 20
11 35
13 23
13 44
13 45
15 34
15 29
16 33
17 20
18 38
18 44
19 41
21 36
21 35
22 23
24 35
24 40
25 33
25 36
25 41
26 35
27 43
28 42
29 40
30 31
30 38
31 45
32 34
35 41
36 37
39 40
42 45

47
0 38
1 10
1 2
2 13
2 28
3 28
3 10
4 38
5 33
5 11
5 45
5 12
6 28
7 41
7 21
8 27
8 12
9 16
10 14
10 19
10 18
11 44
12 40
12 33
14 26
15 32
15 46
16 26
17 31
18 43
18 38
19 39
19 29
20 37
21 24
22 37
22 24
22 25
23 41
25 34
25 41
26 35
27 36
27 38
29 31
29 39
30 31
33 42
34 45
34 46
35 40

48
0 29
1 29
1 24
2 46
3 23
3 46
4 35
4 29
5 42
6 17
6 43
7 22
7 45
7 30
8 34
8 17
9 27
9 46
9 10
10 39
11 40
11 29
11 19
12 19
13 26
14 38
14 34
15 24
15 19
16 28
16 32
16 42
16 36
16 34
17 18
19 20
19 33
20 37
20 33
21 22
23 26
24 31
25 43
26 39
29 36
29 41
30 45
30 33
33 46
39 47
40 44
41 43

49
0 1
0 38
1 17
1 13
1 46
2 31
3 9
3 47
4 10
4 11
4 14
4 43
4 36
5 28
5 15
5 46
6 8
6 46
7 27
7 25
8 9
8 47
11 20
12 19
13 36
15 45
16 23
18 41
18 38
18 40
19 33
19 22
19 28
20 24
20 30
20 36
21 28
22 31
23 37
23 28
25 47
26 32
26 37
29 42
29 44
29 40
29 48
29 34
31 32
34 35
35 39
36 46
39 42

40
0 5
0 36
1 8
1 25
2 4
2 15
2 32
2 9
3 16
3 38
4 20
5 34
6 15
6 19
7 35
7 15
8 30
9 22
10 15
11 31
11 23
11 38
11 13
12 38
12 14
13 18
14 28
15 19
16 33
17 22
18 21
20 26
21 22
21 23
22 25
23 29
24 29
25 30
25 32
27 30
28 39
34 37
36 38
37 38

41
0 25
0 27
0 39
1 33
1 27
1 22
2 38
2 31
2 40
2 19
2 34
3 7
4 24
4 39
5 33
6 17
7 29
7 14
7 32
7 19
8 36
8 37
8 23
9 36
10 38
11 29
12 26
13 35
13 27
14 30
15 17
15 26
15 28
15 22
15 23
16 39
17 26
18 27
19 38
20 36
21 22
23 31
23 36
33 34
35 39

42
0 40
0 38
0 35
1 20
2 19
2 9
2 13
3 17
3 22
3 4
3 35
4 35
5 24
5 41
6 14
6 30
7 38
8 24
9 34
10 12
11 35
12 35
12 40
13 26
15 21
15 28
16 31
16 41
18 27
19 27
19 34
20 38
20 36
21 33
21 29
23 28
23 35
24 36
25 40
26 37
26 29
29 32
30 35
30 32
31 41
32 39

43
0 31
1 22
1 9
1 27
2 13
3 31
3 10
4 26
4 10
5 14
6 27
6 33
7 13
7 38
7 23
8 22
9 18
9 31
9 21
9 27
10 36
10 40
10 21
11 30
12 33
14 41
14 23
15 28
16 21
17 34
17 20
19 23
19 42
20 25
21 32
21 28
23 33
24 40
25 30
28 37
28 32
29 33
30 40
33 38
34 39
35 40
41 42

44
0 34
0 8
0 6
1 31
1 21
1 43
2 14
2 17
3 9
3 24
4 8
5 40
5 21
6 9
7 38
7 28
7 42
8 13
8 19
10 36
11 15
11 40
12 14
14 36
15 27
16 26
16 24
16 25
17 36
17 33
18 37
19 24
20 32
20 43
21 37
22 41
22 39
22 25
23 42
24 30
25 35
27 40
28 42
29 40
32 35
33 37
33 39
36 42

45
0 20
0 15
0 6
0 39
0 13
1 17
2 28
2 7
3 39
4 30
4 20
5 38
6 11
6 24
7 41
8 31
8 24
8 12
9 23
10 18
12 22
13 19
14 23
14 38
14 18
14 15
15 41
16 21
17 42
18 35
18 38
19 31
21 26
21 33
21 32
22 42
22 44
24 34
25 27
25 40
27 43
28 32
28 36
28 29
29 33
35 37
35 40
39 41
42 44

46
0 4
1 22
1 42
1 31
2 38
2 39
3 39
4 27
4 43
5 13
5 22
6 35
6 7
6 17
6 9
7 8
7 31
7 34
8 28
8 20
9 41
9 31
10 11
11 43
11 14
12 24
12 31
12 30
13 39
14 40
15 21
15 44
15 45
16 21
17 36
18 33
19 37
20 34
21 40
21 23
23 37
23 27
23 32
25 26
26 29
26 43
27 36
30 31
32 37
33 35

47
0 34
0 44
0 9
1 12
1 42
1 32
1 9
2 30
3 40
3 4
4 33
4 22
5 6
5 38
5 29
5 37
7 26
7 32
7 17
8 37
9 29
10 14
10 16
11 22
11 33
12 34
13 28
13 37
14 39
15 21
15 24
15 18
16 18
16 31
17 45
17 32
18 22
19 28
20 23
20 26
20 22
23 31
23 41
25 37
25 46
27 43
27 42
28 46
29 36
30 46
33 35

48
0 22
0 33
1 33
1 37
2 7
3 17
4 25
5 28
5 9
6 14
6 10
6 45
7 21
8 38
8 12
8 17
9 15
9 41
10 27
10 29
10 36
10 37
10 42
10 18
11 13
11 46
12 44
12 46
12 30
13 32
13 16
14 21
16 41
17 43
18 34
18 20
19 22
19 37
20 26
21 23
23 45
24 30
24 26
25 34
25 36
26 39
26 35
29 31
30 39
32 40
35 47
43 46

49
0 11
1 45
2 20
3 31
3 18
3 4
4 37
4 18
4 46
4 14
5 19
5 14
5 16
6 28
7 33
7 10
8 42
8 43
8 21
9 32
9 45
10 33
10 44
10 28
11 38
12 45
13 46
13 30
14 41
15 34
15 26
15 40
15 35
16 39
16 46
17 27
17 28
17 40
18 47
20 33
21 27
21 34
22 44
23 29
23 38
23 26
24 25
24 46
30 32
32 45
32 48
35 37
36 47

40
0 2
0 6
0 19
1 36
1 27
2 26
3 9
4 34
5 14
5 15
5 10
6 9
6 11
6 31
7 27
7 25
8 35
8 22
9 33
10 32
10 14
10 23
12 36
12 27
13 20
14 24
15 29
16 37
16 18
17 31
18 38
18 31
19 39
20 33
20 35
21 27
22 39
23 38
25 31
28 34
28 39
30 38
32 38
37 38

41
0 11
0 17
0 36
1 13
1 38
2 9
2 33
3 39
4 5
5 14
6 28
7 13
8 33
8 15
9 26
10 27
10 18
12 38
13 18
14 23
14 18
14 27
15 25
16 35
16 25
16 40
17 20
18 22
19 22
21 39
22 37
22 34
22 25
24 38
24 34
25 30
25 37
25 26
27 32
28 31
28 40
29 35
30 31
32 36
39 40

42
0 37
0 38
1 23
1 28
1 31
2 22
2 16
3 12
4 28
4 39
4 41
5 10
5 24
5 31
6 18
6 7
6 40
6 30
6 22
7 16
8 31
8 25
9 12
9 32
9 35
9 41
11 37
13 39
13 28
14 23
15 35
17 21
19 26
19 40
20 32
20 26
21 23
23 27
25 28
28 34
29 35
30 41
33 38
33 37
36 39
38 40

43
0 5
0 19
1 32
2 26
2 23
2 7
3 35
4 14
4 8
4 42
5 11
5 27
6 30
6 14
7 13
7 37
8 31
9 27
10 32
12 16
12 22
12 34
12 21
13 40
15 25
15 28
16 28
17 21
18 30
18 29
19 37
19 24
19 27
20 40
21 28
23 28
24 36
25 32
27 30
28 32
29 35
31 35
32 33
34 38
36 41
37 41
39 42

44
0 2
1 12
1 9
1 8
2 13
3 20
3 37
4 6
4 37
4 24
4 32
5 28
5 16
5 32
6 13
7 19
7 40
7 9
7 22
8 18
8 17
10 11
11 13
11 19
12 31
14 35
14 23
15 17
16 36
16 38
16 42
17 37
18 21
19 27
20 25
22 40
23 39
24 32
24 39
26 36
26 42
29 30
29 33
30 39
30 33
32 34
33 43
35 41

45
0 6
0 28
0 1
1 12
2 30
2 39
3 15
3 22
3 8
4 20
5 11
7 13
7 26
7 12
8 22
8 35
8 27
9 11
10 19
11 17
11 31
11 44
12 34
12 41
12 44
13 43
14 16
14 23
16 35
18 33
18 25
18 40
18 34
19 29
20 43
20 31
21 32
21 31
23 42
24 39
24 30
25 38
25 30
25 36
27 35
29 37
29 42
29 32
36 41

46
0 5
1 36
2 31
3 38
3 36
3 25
3 11
4 40
4 32
5 12
6 18
6 28
7 27
8 33
8 23
9 16
9 30
9 12
10 42
10 33
10 11
11 24
11 12
11 17
13 23
14 37
15 39
15 41
17 27
18 32
19 40
20 39
21 35
21 27
21 39
22 28
22 40
23 24
25 30
26 43
26 36
26 31
29 44
29 45
30 32
31 36
33 34
37 44
39 45
41 44

47
0 15
0 21
1 31
1 12
2 30
2 43
3 39
4 40
5 32
5 26
6 12
6 43
6 22
6 16
7 9
7 45
8 22
8 26
10 44
10 13
10 20
10 37
11 28
12 16
13 41
14 44
15 21
15 29
15 28
16 19
17 36
17 35
17 23
18 28
18 27
20 39
20 46
22 26
22 35
23 25
23 38
24 42
24 43
27 35
28 40
29 42
30 33
34 35
35 45
37 46
38 41

48
0 28
0 11
1 34
2 14
2 15
2 21
3 22
3 6
4 25
4 38
4 35
5 11
5 20
6 44
6 42
7 14
8 41
8 39
9 46
10 29
10 15
11 39
11 28
12 47
13 38
14 36
15 22
15 32
16 24
16 28
17 26
17 43
17 18
18 45
18 47
18 26
19 31
20 32
20 30
21 23
23 43
26 37
27 36
29 30
29 46
31 41
33 38
34 45
35 45
36 42
38 40
40 45

49
0 29
0 27
0 28
1 15
2 9
3 7
3 32
3 43
4 5
5 47
5 45
6 40
6 36
8 27
9 26
10 19
10 20
10 17
11 39
11 28
11 48
12 31
12 46
12 43
13 39
14 16
15 29
16 36
16 21
17 26
17 48
18 28
18 43
19 35
20 44
20 43
21 36
22 29
23 40
23 34
24 26
25 47
26 33
26 36
27 45
28 38
29 47
30 41
30 34
34 42
34 36
37 38
43 46

40
0 30
1 37
2 27
3 7
3 16
4 35
4 33
5 26
6 21
6 16
7 23
7 36
7 27
8 20
8 9
9 12
10 30
11 16
12 13
12 26
12 28
14 29
14 15
15 31
15 32
16 33
16 27
17 18
17 38
17 27
19 37
19 39
20 39
21 35
22 24
22 33
24 34
25 33
25 37
27 31
28 37
30 38
30 31
31 32

41
0 15
0 25
1 34
1 15
2 5
2 12
2 8
3 19
3 10
3 14
4 31
4 13
6 8
6 31
7 23
7 32
7 38
7 37
7 36
8 39
9 31
10 21
10 18
10 33
10 38
11 35
12 29
12 31
13 36
13 16
14 38
15 35
16 26
17 18
18 27
20 22
21 27
22 40
24 33
25 40
26 40
28 39
30 35
31 37
34 40

42
0 32
0 22
1 13
1 36
2 35
3 10
3 29
4 30
5 29
5 10
6 20
6 33
7 9
7 18
7 26
8 35
10 36
10 21
11 22
11 25
11 34
12 28
12 27
13 14
13 23
13 19
13 26
15 21
15 37
16 22
17 20
19 24
19 39
20 31
23 39
26 41
27 32
27 39
28 30
33 38
33 40
33 37
34 39
35 37
35 41
37 38

43
0 25
1 41
1 17
2 15
2 12
2 14
3 36
3 40
3 12
4 40
5 37
5 7
5 23
6 29
6 24
7 32
7 18
8 9
8 25
9 34
10 37
11 35
11 29
12 26
12 37
13 25
13 24
13 42
14 16
14 38
14 37
15 27
15 31
16 19
17 20
17 28
18 30
18 28
21 31
22 27
23 34
24 42
24 35
25 32
28 33
28 41
34 39

44
0 8
0 35
1 19
1 14
2 9
2 22
2 40
2 10
3 35
3 8
4 38
4 42
5 23
5 41
6 11
6 13
6 14
6 31
7 26
9 18
10 34
10 33
12 20
12 24
15 16
16 41
16 17
17 25
17 37
17 22
17 35
18 33
20 29
20 37
21 26
21 32
22 31
22 42
23 24
24 30
25 36
27 32
27 38
28 30
31 36
35 43
38 39
40 42

45
0 15
1 33
2 32
3 18
4 26
4 12
5 17
5 37
6 29
6 16
6 23
7 10
7 9
8 36
9 35
11 42
11 44
12 28
13 21
13 43
13 35
14 25
15 18
15 35
15 30
15 42
16 37
16 23
17 27
18 41
19 23
19 43
20 28
20 25
20 33
22 23
23 33
24 38
24 36
25 36
27 37
29 34
30 44
31 42
32 36
32 35
35 41
37 40
39 44

46
0 44
1 8
1 39
2 22
2 12
3 9
4 40
5 34
5 39
5 40
5 8
6 36
7 45
8 35
9 25
9 11
9 17
10 21
10 30
10 32
10 24
11 37
11 33
11 40
11 18
12 29
12 24
13 26
13 44
14 34
14 33
15 43
16 27
16 28
16 18
17 37
18 20
19 26
20 41
20 22
22 29
23 31
23 44
23 45
24 45
32 42
33 38
35 36
36 43
42 44

47
0 31
1 22
1 20
2 5
2 45
2 23
2 28
3 43
3 29
3 22
4 7
6 40
6 41
6 24
7 22
8 21
8 29
9 15
9 33
9 20
9 46
10 25
11 19
11 39
12 13
13 24
13 21
14 22
14 20
16 35
16 31
17 30
17 34
17 38
17 46
18 28
19 37
20 36
21 39
22 44
23 32
23 29
25 30
25 26
26 30
27 28
27 31
27 43
37 39
39 41
39 42

48
0 36
0 31
0 30
1 15
1 31
2 37
2 28
3 44
3 35
4 9
4 27
5 17
6 30
6 18
7 17
7 36
8 14
8 43
9 18
10 36
11 44
12 37
13 17
14 20
14 41
15 26
16 41
17 34
17 36
18 39
18 43
19 32
20 33
21 38
21 40
21 47
22 29
22 44
23 46
24 29
25 30
27 47
28 37
28 38
29 32
29 42
31 43
35 40
40 46
40 45
41 43
45 46

49
0 1
0 33
1 32
2 35
2 39
2 28
3 5
3 41
4 27
6 7
6 12
6 9
8 22
8 13
9 21
9 31
9 34
9 12
10 28
10 35
11 33
11 36
12 38
12 46
13 28
13 40
14 42
15 17
16 29
17 46
17 20
18 32
18 42
18 22
19 27
19 45
20 46
20 37
22 29
23 33
24 29
25 40
25 26
25 44
26 44
26 48
27 36
30 48
33 41
37 42
40 45
43 45
45 47

